Variable,Season,2055,2056,2057,2058,2059,2060,2061,2062,2063,2064,2065,2066,2067,2068,2069,2070,2071,2072,2073,2074,2075,2076,2077,2078,2079,2080,2081,2082,2083,2084
TMAX,year,19.092,19.561,19.570,18.374,19.485,19.344,19.444,19.869,19.743,20.076,19.111,19.900,19.916,20.727,19.465,19.129,20.398,20.212,20.306,20.850,20.704,20.364,21.112,20.208,19.833,20.836,21.170,20.811,20.855,19.812
TMAX,MAMJJASO,23.399,23.601,23.738,21.888,23.835,23.693,23.491,23.972,23.382,24.119,23.260,23.732,24.024,24.839,23.268,22.858,24.290,24.322,24.645,24.908,25.068,24.134,25.784,24.163,24.294,25.058,25.190,24.732,25.238,23.994
TMAX,AMJJAS,25.267,26.258,25.979,23.958,26.282,25.831,26.169,26.100,25.119,25.851,25.342,26.052,26.486,26.830,25.195,25.326,26.221,26.743,26.870,27.275,26.613,25.889,28.630,26.237,26.585,27.342,27.650,26.798,27.793,26.456
TMAX,ONDJFM,10.751,12.862,13.121,12.460,12.536,12.933,12.613,13.830,14.376,14.496,13.301,12.913,13.528,14.142,13.855,13.222,14.355,14.265,13.206,13.878,14.852,14.816,13.974,13.434,13.938,13.025,15.807,14.278,14.053,13.667
TMAX,NDJF,8.561,10.972,11.357,10.684,10.756,10.736,10.910,12.140,11.772,12.619,10.560,11.104,12.066,11.611,12.523,11.140,12.587,12.649,11.025,11.592,12.837,11.866,11.752,11.951,11.553,10.942,14.047,12.518,11.755,11.770
TMIN,year,9.519,10.361,9.900,9.417,9.889,10.065,10.049,10.368,9.976,10.335,9.569,10.531,10.233,11.155,9.884,10.029,10.497,10.261,10.618,11.060,10.915,11.121,11.307,10.851,10.306,10.886,10.937,11.074,11.121,10.625
TMIN,MAMJJASO,13.162,13.445,13.244,12.104,13.137,13.512,13.042,13.705,12.966,13.587,12.998,13.587,13.478,14.193,12.735,12.780,13.218,13.570,14.234,14.260,14.270,14.001,14.849,13.882,13.874,14.140,13.970,14.082,14.410,13.758
TMIN,AMJJAS,14.586,15.519,15.142,13.663,14.984,15.282,15.098,15.464,14.683,14.929,14.467,15.355,15.395,16.030,14.574,14.649,14.919,15.678,16.156,16.054,15.341,15.688,17.156,15.361,15.791,15.903,15.811,15.801,16.561,15.713
TMIN,ONDJFM,2.096,4.690,5.177,4.471,4.924,5.167,4.299,5.957,5.387,5.378,5.389,4.525,5.211,6.123,5.518,5.309,5.907,5.691,4.469,5.235,7.185,5.798,5.927,5.714,5.713,5.188,7.048,5.575,5.832,5.731
TMIN,NDJF,0.048,3.213,3.710,3.183,3.418,3.655,3.289,4.666,3.131,4.267,2.865,2.936,3.966,4.420,4.700,4.139,4.867,4.787,2.642,3.444,5.506,3.531,4.700,4.561,3.863,3.495,5.737,4.202,4.296,4.559
TAVG,year,14.406,15.064,14.715,13.905,14.611,14.738,14.841,15.169,14.890,15.231,14.309,15.052,14.826,15.727,14.456,14.369,15.223,15.088,15.318,15.812,15.560,15.645,16.123,15.321,14.897,15.595,15.834,15.555,15.602,14.826
TAVG,MAMJJASO,18.380,18.628,18.449,16.988,18.420,18.626,18.368,18.895,18.205,18.917,18.108,18.549,18.523,19.295,17.787,17.610,18.577,18.844,19.327,19.494,19.391,18.970,20.162,18.762,18.851,19.296,19.363,18.994,19.407,18.448
TAVG,AMJJAS,20.022,20.987,20.522,18.774,20.590,20.588,20.713,20.848,19.947,20.458,19.880,20.588,20.708,21.210,19.701,19.778,20.431,21.123,21.437,21.609,20.747,20.708,22.712,20.518,20.937,21.317,21.517,20.893,21.782,20.664
TAVG,ONDJFM,6.517,8.910,9.184,8.503,8.710,9.016,8.529,9.931,9.937,9.890,9.367,8.556,9.151,9.910,9.447,9.061,9.816,9.745,8.635,9.307,10.852,10.041,9.902,9.521,9.695,8.958,11.214,9.602,9.601,9.310
TAVG,NDJF,4.414,7.227,7.558,6.983,7.075,7.174,7.167,8.423,7.514,8.400,6.708,6.816,7.762,7.786,8.357,7.471,8.400,8.456,6.630,7.247,8.991,7.518,8.228,8.222,7.642,7.091,9.695,8.042,7.718,7.831
RH,year,70.500,71.602,70.005,71.052,69.629,70.863,70.607,69.233,70.636,70.698,68.655,70.772,68.639,67.403,69.800,71.617,68.257,68.485,72.156,74.101,73.203,75.063,68.699,69.758,68.824,69.321,67.934,71.627,70.515,72.599
RH,MAMJJASO,72.245,70.494,69.915,70.554,67.570,70.588,69.703,69.999,71.209,70.441,69.685,70.880,68.778,65.433,68.686,69.913,65.420,68.280,72.606,72.462,72.737,73.185,66.314,68.836,68.582,66.486,65.222,68.876,66.991,69.563
RH,AMJJAS,70.338,70.214,69.469,69.767,66.414,69.632,69.949,70.318,71.213,69.701,67.997,69.936,67.991,64.327,69.165,69.100,66.709,69.102,72.133,70.664,69.913,73.236,64.566,66.657,67.062,64.293,63.314,67.258,66.158,67.937
RH,ONDJFM,68.505,71.707,72.496,70.131,74.396,73.189,68.787,72.019,68.019,70.522,72.789,68.257,69.372,71.093,69.465,73.160,71.236,70.434,70.599,71.286,81.619,73.243,74.669,73.754,70.561,74.680,74.820,72.293,74.971,77.099
RH,NDJF,63.600,71.182,72.013,70.562,73.566,74.160,70.704,72.492,65.000,71.743,69.815,66.897,68.237,71.013,70.907,74.361,74.323,74.162,69.030,70.619,81.018,72.686,75.656,74.539,68.324,74.581,76.053,72.823,76.866,79.452
RHmin,year,53.907,55.517,53.039,55.064,52.936,54.532,54.458,53.047,53.588,53.761,52.235,53.776,51.472,50.960,52.534,54.768,51.052,51.224,54.292,55.833,54.765,57.605,52.194,53.089,52.093,51.715,50.437,53.414,52.679,54.812
RHmin,MAMJJASO,54.680,53.487,52.054,53.758,50.110,53.292,52.485,52.913,53.361,52.922,52.451,53.252,50.793,48.248,50.545,52.315,47.650,50.461,54.074,53.819,53.183,54.992,48.864,51.238,50.828,48.444,47.421,50.228,48.675,51.141
RHmin,AMJJAS,52.708,52.587,51.453,52.494,48.628,52.234,51.825,52.807,53.545,51.841,50.419,51.861,49.592,47.436,51.116,51.036,48.531,50.882,53.581,51.897,50.688,55.102,46.970,48.873,49.298,46.342,45.400,48.785,47.805,49.438
RHmin,ONDJFM,52.800,56.629,57.269,55.180,59.091,58.005,53.901,57.327,52.243,53.778,57.516,52.586,53.547,55.356,53.428,57.305,54.697,54.014,53.642,54.276,64.415,55.180,58.931,58.515,54.947,58.506,57.146,54.851,57.826,59.498
RHmin,NDJF,48.991,56.746,57.159,56.135,58.701,59.688,56.316,58.021,50.154,55.675,55.128,51.501,52.662,56.250,55.140,59.700,57.834,57.702,52.729,54.183,64.314,55.790,61.397,59.589,53.999,58.979,58.662,55.707,60.344,62.512
PREC,year,807.619,833.020,695.498,965.253,718.936,800.693,845.824,713.854,713.412,744.708,800.115,874.852,772.615,780.361,800.181,1033.911,717.149,739.210,842.302,836.124,660.382,935.559,674.489,863.179,821.091,692.190,676.175,1004.722,1015.358,1195.299
PREC,MAMJJASO,564.038,521.135,464.228,640.017,418.410,480.701,483.165,481.855,531.834,472.687,548.986,641.349,566.578,489.439,509.363,611.117,385.469,541.576,553.183,526.506,429.340,598.082,381.517,508.285,505.027,453.941,457.707,554.067,566.011,672.767
PREC,AMJJAS,407.656,301.535,320.185,464.283,238.137,364.780,308.661,330.088,453.951,305.529,362.044,393.946,340.492,414.400,430.029,416.290,300.614,409.203,390.240,327.302,299.136,503.059,229.980,342.936,364.640,349.243,301.105,383.937,379.653,433.901
PREC,ONDJFM,150.560,402.614,553.443,426.650,539.133,506.513,366.009,527.462,278.952,245.919,498.486,400.110,465.810,495.009,374.916,420.491,509.084,421.165,372.332,393.983,645.029,226.016,454.849,507.173,468.570,501.629,349.530,381.937,744.955,611.698
PREC,NDJF,88.528,227.681,323.806,292.384,317.544,380.082,279.393,322.395,163.165,165.567,314.425,215.390,212.002,324.195,243.885,346.874,349.006,328.817,201.018,240.198,407.881,170.902,362.662,312.327,326.110,337.487,223.887,216.569,560.220,459.019
SRAD,year,5392.143,5277.918,5511.203,5237.769,5487.990,5363.975,5291.421,5188.822,5291.741,5337.133,5238.137,5089.929,5337.475,5425.515,5350.019,5088.888,5544.494,5535.610,5276.632,5376.658,5378.831,5140.515,5590.555,5140.838,5301.271,5326.094,5425.356,5249.524,5355.163,5088.635
SRAD,MAMJJASO,4532.514,4456.669,4656.122,4473.912,4713.209,4589.880,4555.391,4398.254,4447.809,4471.550,4405.104,4271.888,4500.132,4612.947,4522.700,4313.285,4738.182,4638.014,4428.102,4539.038,4571.421,4374.606,4754.353,4388.480,4489.178,4472.368,4589.988,4438.896,4579.387,4370.808
SRAD,AMJJAS,3798.930,3726.753,3851.289,3756.111,3977.901,3824.311,3842.186,3673.001,3636.678,3735.710,3717.359,3632.793,3765.164,3768.583,3699.584,3624.484,3903.730,3833.574,3657.133,3817.492,3826.696,3588.976,3961.771,3702.417,3749.809,3754.146,3882.589,3703.661,3812.456,3676.989
SRAD,ONDJFM,870.247,1566.246,1626.445,1540.110,1471.650,1526.056,1538.764,1491.139,1562.775,1696.178,1512.474,1523.195,1545.657,1579.162,1637.328,1541.741,1632.818,1661.067,1631.235,1626.816,1426.109,1671.233,1600.772,1465.178,1520.894,1501.403,1570.950,1562.275,1532.919,1479.946
SRAD,NDJF,473.377,828.483,857.682,782.389,781.485,746.893,767.906,774.950,810.863,893.256,829.462,837.619,847.643,781.225,848.939,781.929,824.454,845.762,877.675,848.182,769.399,843.594,776.604,775.563,793.862,814.109,847.466,850.263,770.031,740.007
WIND,year,2.145,2.120,2.112,2.198,2.103,2.073,2.084,2.162,2.012,2.146,2.147,2.159,2.267,2.278,2.345,2.291,2.218,2.279,2.286,2.210,2.430,2.304,2.376,2.340,2.353,2.259,2.315,2.169,2.302,2.365
WIND,MAMJJASO,2.025,2.142,2.119,2.186,2.134,2.015,2.121,2.107,2.045,2.165,2.133,2.208,2.313,2.285,2.276,2.286,2.295,2.390,2.217,2.261,2.423,2.284,2.370,2.321,2.319,2.318,2.337,2.198,2.291,2.352
WIND,AMJJAS,2.005,2.043,2.127,2.173,2.163,2.043,2.103,2.009,2.070,2.172,2.150,2.123,2.294,2.324,2.253,2.295,2.291,2.375,2.209,2.255,2.432,2.253,2.335,2.351,2.378,2.298,2.332,2.166,2.244,2.322
WIND,ONDJFM,2.332,2.243,2.197,2.235,2.100,2.092,2.066,2.246,1.956,2.014,2.181,2.143,2.215,2.400,2.390,2.185,2.224,2.194,2.289,2.242,2.297,2.395,2.356,2.432,2.327,2.311,2.189,2.226,2.269,2.384
WIND,NDJF,2.422,2.164,2.194,2.258,2.047,2.202,2.040,2.159,1.941,2.043,2.170,2.095,2.126,2.446,2.285,2.311,2.163,2.073,2.269,2.236,2.233,2.451,2.409,2.403,2.398,2.284,2.132,2.128,2.247,2.408
VPD,year,0.565,0.578,0.611,0.550,0.648,0.597,0.588,0.631,0.573,0.604,0.613,0.597,0.655,0.735,0.598,0.569,0.656,0.664,0.593,0.583,0.594,0.535,0.753,0.665,0.660,0.722,0.757,0.662,0.699,0.617
VPD,MAMJJASO,0.681,0.720,0.757,0.669,0.827,0.745,0.726,0.768,0.685,0.743,0.747,0.725,0.807,0.932,0.741,0.711,0.827,0.821,0.733,0.744,0.743,0.677,0.984,0.828,0.827,0.932,0.968,0.850,0.915,0.800
VPD,AMJJAS,0.787,0.823,0.860,0.766,0.946,0.850,0.832,0.863,0.759,0.836,0.859,0.831,0.932,1.068,0.823,0.819,0.893,0.927,0.830,0.878,0.866,0.754,1.165,0.970,0.964,1.090,1.128,0.983,1.059,0.933
VPD,ONDJFM,0.311,0.340,0.338,0.358,0.310,0.352,0.366,0.362,0.410,0.386,0.337,0.379,0.377,0.386,0.388,0.339,0.385,0.397,0.356,0.368,0.258,0.353,0.322,0.333,0.374,0.318,0.376,0.377,0.341,0.311
VPD,NDJF,0.320,0.306,0.302,0.310,0.284,0.285,0.308,0.322,0.379,0.327,0.313,0.344,0.356,0.329,0.335,0.280,0.305,0.309,0.323,0.318,0.229,0.297,0.267,0.284,0.351,0.277,0.314,0.322,0.268,0.243
FWI_FD,year,4.571,4.656,5.259,4.490,7.098,5.192,5.116,5.798,4.943,5.921,5.369,5.209,6.699,6.971,5.087,4.448,6.665,6.032,4.787,5.714,6.690,4.156,7.558,6.122,5.922,6.800,7.742,6.319,6.266,5.029
FWI_FD,MAMJJASO,5.944,6.474,6.956,6.147,10.069,7.101,7.067,7.756,5.922,7.912,7.224,6.751,8.887,9.593,6.657,6.163,9.333,8.093,6.544,7.791,8.990,5.510,10.782,8.515,8.000,9.223,10.719,8.893,8.960,7.256
FWI_FD,AMJJAS,7.245,8.208,8.286,7.750,11.466,8.357,8.437,9.020,6.834,9.098,8.896,8.001,11.020,11.033,7.261,7.684,10.247,9.589,7.671,9.555,10.466,6.138,13.255,10.549,9.809,11.339,13.108,10.560,10.949,9.076
FWI_FD,ONDJFM,1.231,1.802,1.321,2.042,0.958,2.714,2.387,1.941,3.410,3.138,1.624,2.502,2.566,2.085,2.726,2.278,2.497,2.598,1.981,2.374,1.115,3.709,1.852,1.479,2.073,1.478,2.551,2.385,1.732,1.381
FWI_FD,NDJF,1.217,1.686,1.266,1.558,0.864,1.039,1.443,1.196,3.304,2.253,1.194,2.014,2.728,1.028,2.022,1.270,1.497,1.110,1.852,1.513,0.842,2.478,1.120,1.071,1.574,1.209,2.069,1.712,0.559,0.730
FWI_3+,year,17.780,24.866,26.155,30.668,57.877,26.673,27.507,36.994,16.863,34.027,36.117,24.951,50.070,54.028,24.367,26.925,39.972,39.856,25.365,36.404,52.616,16.137,67.228,49.838,39.399,53.872,61.529,50.471,51.445,35.513
FWI_3+,MAMJJASO,17.586,24.857,26.015,30.573,57.830,26.634,27.371,36.901,16.521,33.776,36.083,24.779,49.609,53.944,23.648,26.914,39.872,39.769,25.293,36.356,51.397,16.001,67.222,49.784,39.131,53.655,61.196,50.424,51.430,35.493
FWI_3+,AMJJAS,17.381,24.811,25.626,30.542,49.681,26.002,26.369,36.198,16.203,31.900,34.817,24.380,49.009,51.182,22.703,26.896,36.176,39.458,24.547,36.097,47.681,15.619,66.660,49.556,38.680,53.409,60.245,49.561,50.896,35.196
FWI_3+,ONDJFM,0.018,0.386,0.120,0.484,0.103,8.217,0.685,1.244,0.949,1.377,1.116,1.443,0.936,0.895,2.971,1.202,2.335,1.776,0.169,1.048,0.067,5.383,0.115,0.488,0.480,0.509,0.662,1.206,1.026,0.330
FWI_3+,NDJF,0.015,0.182,0.067,0.099,0.075,0.068,0.029,0.140,0.365,0.293,0.013,0.052,0.610,0.026,0.081,0.702,0.091,0.059,0.105,0.065,0.004,1.344,0.011,0.015,0.187,0.128,0.267,0.315,0.012,0.031
FWI_4+,year,1.925,1.922,3.522,5.019,9.592,2.556,3.119,7.387,1.221,5.725,3.182,3.802,13.709,13.658,2.763,2.824,5.638,8.778,2.240,4.729,7.104,1.856,19.181,11.372,9.084,13.779,23.518,13.916,13.677,6.634
FWI_4+,MAMJJASO,1.912,1.921,3.509,5.015,9.589,2.555,3.118,7.383,1.217,5.698,3.179,3.795,13.684,13.656,2.705,2.824,5.624,8.777,2.236,4.729,6.972,1.854,19.181,11.370,9.083,13.776,23.505,13.913,13.676,6.633
FWI_4+,AMJJAS,1.902,1.920,3.507,5.014,9.018,2.542,3.095,7.357,1.207,5.669,3.125,3.777,13.663,13.427,2.683,2.823,5.399,8.776,2.210,4.729,6.797,1.845,19.142,11.369,9.078,13.769,23.490,13.861,13.659,6.631
FWI_4+,ONDJFM,0.005,0.018,0.008,0.012,0.000,0.575,0.013,0.028,0.029,0.056,0.010,0.060,0.049,0.030,0.245,0.057,0.181,0.060,0.005,0.027,0.001,0.317,0.004,0.035,0.005,0.005,0.012,0.032,0.056,0.009
FWI_4+,NDJF,0.005,0.009,0.007,0.009,0.000,0.003,0.000,0.003,0.006,0.027,0.000,0.003,0.032,0.001,0.004,0.056,0.014,0.001,0.005,0.001,0.000,0.133,0.000,0.000,0.003,0.002,0.003,0.013,0.000,0.001
FWI_5+,year,0.028,0.056,0.081,0.470,0.912,0.019,0.063,0.526,0.022,0.422,0.058,0.124,1.234,1.583,0.018,0.106,0.248,0.470,0.015,0.088,0.373,0.088,0.547,0.523,0.527,1.115,4.421,0.695,0.834,0.338
FWI_5+,MAMJJASO,0.026,0.056,0.077,0.470,0.912,0.019,0.063,0.526,0.022,0.420,0.058,0.123,1.230,1.583,0.015,0.106,0.246,0.470,0.014,0.088,0.369,0.088,0.547,0.523,0.527,1.115,4.420,0.695,0.834,0.338
FWI_5+,AMJJAS,0.026,0.056,0.077,0.469,0.905,0.018,0.063,0.525,0.022,0.420,0.058,0.122,1.230,1.580,0.014,0.106,0.236,0.469,0.014,0.088,0.367,0.088,0.546,0.523,0.527,1.115,4.420,0.695,0.834,0.338
FWI_5+,ONDJFM,0.001,0.001,0.002,0.002,0.000,0.008,0.000,0.001,0.001,0.003,0.000,0.000,0.006,0.002,0.002,0.003,0.010,0.001,0.001,0.000,0.000,0.007,0.000,0.001,0.000,0.000,0.000,0.001,0.000,0.000
FWI_5+,NDJF,0.001,0.001,0.002,0.002,0.000,0.000,0.000,0.001,0.000,0.003,0.000,0.000,0.006,0.000,0.000,0.003,0.002,0.000,0.001,0.000,0.000,0.004,0.000,0.000,0.000,0.000,0.000,0.000,0.000,0.000
FWI_6,year,0.002,0.007,0.004,0.007,0.250,0.000,0.000,0.008,0.001,0.002,0.001,0.004,0.224,0.058,0.001,0.007,0.029,0.002,0.001,0.003,0.048,0.000,0.020,0.013,0.003,0.169,0.552,0.139,0.036,0.005
FWI_6,MAMJJASO,0.001,0.007,0.003,0.007,0.249,0.000,0.000,0.008,0.001,0.001,0.001,0.004,0.224,0.058,0.001,0.007,0.029,0.002,0.001,0.003,0.048,0.000,0.020,0.013,0.003,0.169,0.552,0.139,0.036,0.005
FWI_6,AMJJAS,0.001,0.007,0.003,0.007,0.249,0.000,0.000,0.008,0.001,0.001,0.001,0.004,0.224,0.058,0.000,0.007,0.025,0.002,0.001,0.003,0.048,0.000,0.020,0.013,0.003,0.169,0.552,0.139,0.036,0.005
FWI_6,ONDJFM,0.000,0.001,0.000,0.001,0.000,0.000,0.000,0.000,0.000,0.000,0.000,0.000,0.000,0.000,0.001,0.000,0.004,0.001,0.001,0.000,0.000,0.000,0.000,0.000,0.000,0.000,0.000,0.000,0.000,0.000
FWI_6,NDJF,0.000,0.001,0.000,0.001,0.000,0.000,0.000,0.000,0.000,0.000,0.000,0.000,0.000,0.000,0.000,0.000,0.000,0.000,0.001,0.000,0.000,0.000,0.000,0.000,0.000,0.000,0.000,0.000,0.000,0.000
DFM10H,year,17.178,17.475,16.441,18.132,16.829,17.417,17.359,16.568,16.217,16.652,16.727,16.978,16.364,16.147,17.059,18.204,15.821,16.086,17.367,17.054,16.609,17.914,16.089,17.069,16.784,16.054,15.602,17.185,17.367,18.451
DFM10H,MAMJJASO,16.562,16.480,15.816,17.378,15.076,16.263,15.928,16.126,16.414,16.134,16.234,16.924,15.985,15.031,16.081,16.791,14.313,15.727,16.659,16.170,15.729,17.094,14.657,16.048,15.759,15.057,14.762,15.932,15.531,16.315
DFM10H,AMJJAS,15.941,15.377,15.455,16.779,13.941,15.848,15.278,15.844,16.732,15.543,15.471,16.164,15.053,15.298,16.416,16.324,14.435,15.816,16.415,15.340,15.109,17.586,13.823,15.032,15.181,14.483,13.893,15.436,14.904,15.544
DFM10H,ONDJFM,18.321,18.462,19.183,18.374,20.489,19.887,17.862,18.929,15.503,15.782,19.283,16.802,17.528,18.534,17.363,18.596,18.029,17.321,17.473,17.319,20.946,15.946,18.640,19.257,18.383,19.401,17.202,17.165,20.158,20.270
DFM10H,NDJF,18.284,18.396,19.111,18.757,20.532,21.210,19.000,19.301,14.900,16.322,19.231,16.390,16.488,19.600,17.667,20.358,19.426,18.702,17.310,17.681,21.149,16.696,20.271,19.185,18.465,19.907,17.496,16.966,21.652,21.867
DFM10H_u10,year,55.367,42.935,62.252,52.397,72.439,52.257,53.372,68.306,56.499,60.438,69.570,55.498,80.313,90.708,70.214,55.747,84.348,81.089,48.745,50.064,53.628,40.564,91.244,76.128,76.722,88.406,100.795,76.982,86.369,63.686
DFM10H_u10,MAMJJASO,36.482,36.138,48.161,44.286,64.810,41.441,44.445,47.370,37.873,48.224,48.899,42.258,60.183,79.076,54.888,48.686,73.998,61.576,34.504,40.955,42.246,32.198,78.905,61.883,58.788,77.046,87.512,66.289,77.357,57.299
DFM10H_u10,AMJJAS,33.951,30.534,40.342,38.212,55.400,36.086,32.499,36.034,27.542,38.403,43.998,34.868,50.300,63.530,40.957,41.934,50.393,44.274,26.263,34.766,38.848,21.789,68.806,56.562,50.924,69.851,76.099,57.486,63.295,50.352
DFM10H_u10,ONDJFM,13.630,17.344,15.481,20.127,10.314,15.499,26.572,22.542,33.084,27.934,14.580,30.856,30.659,22.447,28.015,21.232,28.499,30.281,27.891,24.306,6.524,24.742,20.335,18.389,28.015,13.930,19.735,27.957,22.019,14.837
DFM10H_u10,NDJF,11.781,11.557,10.921,11.277,6.759,6.302,12.342,12.670,25.828,13.811,11.992,21.550,20.929,10.740,13.995,10.915,9.475,10.901,19.621,14.439,3.969,15.309,9.958,11.357,20.663,9.258,10.787,16.729,9.443,5.511
DFM10H_u8,year,9.263,8.105,12.147,14.503,14.878,10.850,14.326,17.796,11.687,14.025,18.042,12.720,22.829,27.462,18.385,13.793,27.508,20.954,7.533,8.750,10.459,8.474,24.349,19.360,21.276,27.706,35.429,23.112,27.023,15.926
DFM10H_u8,MAMJJASO,5.637,7.346,9.582,12.651,13.245,8.327,12.472,13.038,6.583,11.608,12.384,8.752,14.784,24.903,13.157,12.502,24.770,16.225,4.113,6.479,7.684,6.124,20.679,15.784,15.358,24.862,31.393,20.451,24.896,13.966
DFM10H_u8,AMJJAS,5.250,5.853,8.542,11.145,11.223,7.429,7.445,7.519,4.403,6.909,11.866,7.352,11.594,20.127,8.507,10.677,14.552,10.167,2.765,4.692,7.190,2.287,17.960,14.721,12.881,23.217,28.307,18.049,19.763,12.312
DFM10H_u8,ONDJFM,3.050,2.903,3.023,3.678,2.143,3.416,7.769,8.103,8.588,8.920,2.350,8.426,11.308,5.632,9.644,5.624,10.923,9.699,6.768,5.508,1.553,7.394,5.819,4.183,9.496,3.093,5.212,7.859,7.101,3.901
DFM10H_u8,NDJF,2.714,1.400,2.194,2.096,1.378,1.535,2.330,2.937,7.022,3.296,2.143,6.852,8.259,2.170,3.783,3.525,2.603,2.256,5.176,3.280,1.122,3.876,3.193,2.630,7.077,1.724,3.034,4.724,2.452,1.609
DFM10H_u6,year,0.446,0.607,0.959,2.121,2.098,1.413,2.833,3.223,0.982,2.634,2.839,1.830,3.862,4.071,2.300,1.521,5.098,3.300,0.498,0.535,1.040,1.394,2.060,2.249,3.401,4.652,7.766,3.514,4.470,2.268
DFM10H_u6,MAMJJASO,0.289,0.592,0.848,1.757,1.858,1.042,2.704,2.575,0.385,2.282,2.268,1.187,2.041,3.753,1.823,1.466,4.923,3.005,0.161,0.386,0.902,1.102,1.462,2.085,2.298,4.358,7.136,3.134,4.068,1.732
DFM10H_u6,AMJJAS,0.270,0.512,0.779,1.655,1.713,0.951,1.286,0.753,0.290,0.689,2.251,1.008,1.504,3.080,0.633,1.216,2.464,1.565,0.083,0.180,0.881,0.369,1.273,1.981,1.721,4.164,6.813,2.733,2.955,1.409
DFM10H_u6,ONDJFM,0.165,0.101,0.140,0.430,0.314,0.361,1.690,1.945,1.182,2.078,0.358,0.934,2.474,0.632,1.660,0.648,2.373,1.920,0.472,0.407,0.053,1.100,0.661,0.319,1.770,0.320,0.704,1.133,1.346,1.014
DFM10H_u6,NDJF,0.147,0.021,0.071,0.353,0.213,0.289,0.182,0.183,1.095,0.426,0.345,0.781,1.901,0.205,0.262,0.377,0.188,0.197,0.404,0.178,0.034,0.399,0.486,0.166,1.194,0.127,0.450,0.708,0.425,0.498
DFM10H_u4,year,0.013,0.000,0.148,0.095,0.339,0.021,0.462,0.179,0.016,0.301,0.129,0.073,0.483,0.420,0.162,0.070,0.218,0.178,0.008,0.000,0.142,0.027,0.038,0.016,0.063,0.832,0.957,0.437,0.391,0.470
DFM10H_u4,MAMJJASO,0.013,0.000,0.147,0.090,0.336,0.016,0.459,0.156,0.013,0.284,0.123,0.043,0.433,0.398,0.155,0.070,0.213,0.165,0.003,0.000,0.140,0.017,0.033,0.012,0.048,0.826,0.820,0.403,0.372,0.346
DFM10H_u4,AMJJAS,0.013,0.000,0.147,0.089,0.336,0.016,0.123,0.022,0.011,0.077,0.123,0.039,0.406,0.391,0.004,0.059,0.126,0.068,0.000,0.000,0.140,0.008,0.028,0.011,0.037,0.826,0.820,0.400,0.302,0.259
DFM10H_u4,ONDJFM,0.000,0.000,0.000,0.004,0.006,0.004,0.337,0.139,0.022,0.225,0.004,0.025,0.088,0.019,0.159,0.022,0.070,0.131,0.008,0.001,0.000,0.022,0.008,0.004,0.027,0.004,0.097,0.083,0.037,0.261
DFM10H_u4,NDJF,0.000,0.000,0.000,0.004,0.004,0.004,0.002,0.005,0.022,0.018,0.002,0.021,0.062,0.012,0.012,0.007,0.005,0.012,0.004,0.001,0.000,0.012,0.003,0.003,0.016,0.003,0.097,0.079,0.019,0.122
DFM10H_u2,year,0.000,0.000,0.010,0.001,0.036,0.000,0.115,0.002,0.000,0.016,0.000,0.005,0.041,0.082,0.012,0.011,0.011,0.011,0.001,0.000,0.006,0.000,0.002,0.000,0.001,0.179,0.159,0.112,0.084,0.151
DFM10H_u2,MAMJJASO,0.000,0.000,0.010,0.000,0.036,0.000,0.114,0.001,0.000,0.013,0.000,0.003,0.041,0.081,0.012,0.011,0.011,0.008,0.001,0.000,0.006,0.000,0.002,0.000,0.001,0.179,0.106,0.112,0.083,0.089
DFM10H_u2,AMJJAS,0.000,0.000,0.010,0.000,0.036,0.000,0.020,0.000,0.000,0.000,0.000,0.002,0.037,0.080,0.000,0.009,0.007,0.000,0.000,0.000,0.006,0.000,0.002,0.000,0.000,0.179,0.106,0.112,0.081,0.067
DFM10H_u2,ONDJFM,0.000,0.000,0.000,0.000,0.001,0.000,0.094,0.002,0.001,0.016,0.000,0.003,0.005,0.001,0.013,0.002,0.000,0.015,0.001,0.000,0.000,0.000,0.000,0.000,0.001,0.000,0.049,0.004,0.002,0.084
DFM10H_u2,NDJF,0.000,0.000,0.000,0.000,0.001,0.000,0.000,0.001,0.001,0.003,0.000,0.001,0.001,0.000,0.001,0.000,0.000,0.004,0.001,0.000,0.000,0.000,0.000,0.000,0.001,0.000,0.049,0.004,0.001,0.062
AWP0-40_S2+,year,121.081,111.279,155.235,92.964,146.500,126.924,128.051,143.229,164.204,170.048,123.476,147.286,158.253,144.352,133.072,79.554,166.914,144.514,111.118,147.406,146.770,119.302,172.377,109.330,130.113,141.205,148.441,119.521,92.519,63.480
AWP0-40_S2+,MAMJJASO,72.291,78.987,96.554,62.072,120.187,86.350,97.708,92.143,81.046,115.664,82.067,88.357,98.986,102.235,79.173,62.446,134.672,94.885,79.168,100.821,102.714,74.369,143.558,79.042,87.577,87.614,99.833,91.779,78.332,55.303
AWP0-40_S2+,AMJJAS,61.675,74.646,75.744,56.659,94.585,67.773,82.738,71.578,60.279,82.798,69.344,63.988,84.241,72.066,56.211,52.909,92.882,72.446,62.279,79.697,83.030,51.618,116.395,68.977,71.631,80.557,82.224,66.814,67.647,50.601
AWP0-40_S2+,ONDJFM,26.902,59.767,48.942,65.271,21.473,52.075,74.972,47.013,106.904,109.483,47.549,87.825,80.084,49.030,74.566,55.506,60.502,65.601,63.584,70.707,26.644,104.298,52.506,41.602,56.569,38.888,74.573,66.906,26.588,22.861
AWP0-40_S2+,NDJF,19.944,53.266,40.167,48.373,17.566,27.788,47.955,29.593,87.360,73.756,30.901,61.228,66.598,23.960,59.706,30.833,33.538,29.221,51.639,44.360,20.130,70.272,28.459,31.147,38.375,33.980,60.164,46.810,7.678,14.314
AWP0-40_S3+,year,71.160,67.623,103.114,52.044,94.626,77.543,75.226,90.825,123.526,121.737,71.979,100.780,111.142,89.625,86.816,41.892,122.055,90.040,64.585,96.634,97.617,84.041,126.901,61.702,83.790,90.250,96.267,69.288,49.306,28.167
AWP0-40_S3+,MAMJJASO,34.234,45.861,55.936,32.325,78.611,46.642,54.195,53.202,49.289,77.493,41.921,54.901,61.120,58.571,43.546,31.854,99.348,54.612,43.022,62.554,64.468,48.050,108.228,41.653,51.835,50.200,59.359,50.111,41.733,23.963
AWP0-40_S3+,AMJJAS,27.979,43.707,42.741,29.815,56.365,33.385,46.176,39.408,35.015,48.957,33.924,33.805,50.919,36.221,29.071,26.801,63.674,37.576,32.649,45.866,49.687,31.244,87.116,35.603,40.271,47.082,48.348,31.664,36.005,21.750
AWP0-40_S3+,ONDJFM,18.148,44.486,33.487,48.244,10.567,40.492,54.604,30.116,91.110,91.829,30.696,72.509,64.646,33.268,56.775,38.432,46.457,47.434,46.038,51.859,15.051,85.303,38.211,26.414,41.727,25.622,55.118,47.693,16.521,12.127
AWP0-40_S3+,NDJF,14.043,40.678,28.882,37.260,9.058,18.939,37.243,18.594,78.172,61.044,19.640,49.939,55.032,14.596,47.794,23.311,22.758,18.670,38.520,32.218,11.609,58.110,19.366,20.468,28.104,23.439,46.734,34.045,3.693,7.904
AWP0-40_S4+,year,42.436,42.819,67.219,30.869,63.453,47.593,45.748,57.754,96.246,91.505,46.414,70.188,79.503,55.992,56.100,23.215,89.862,56.711,38.220,64.749,64.816,58.517,95.437,38.879,55.211,58.965,64.140,41.176,31.047,15.944
AWP0-40_S4+,MAMJJASO,19.088,29.365,33.640,20.531,54.949,26.722,32.080,33.241,33.127,56.922,27.223,38.339,40.918,35.850,25.293,18.049,75.750,35.735,25.066,42.024,42.182,31.673,85.604,27.075,34.285,32.546,39.365,30.378,27.759,14.168
AWP0-40_S4+,AMJJAS,15.747,28.400,26.793,19.589,36.075,19.067,28.091,25.260,24.251,32.687,22.537,21.153,33.681,21.063,17.317,15.357,47.962,24.060,19.289,29.251,31.858,20.448,69.994,23.581,25.669,31.430,33.352,18.884,24.782,13.249
AWP0-40_S4+,ONDJFM,10.320,28.838,20.021,31.712,3.864,30.121,35.552,17.302,74.047,71.931,17.412,54.531,48.746,19.505,38.664,24.686,32.886,29.996,28.952,35.785,7.542,62.974,25.316,15.016,28.268,15.436,35.859,29.013,8.965,5.626
AWP0-40_S4+,NDJF,8.174,26.846,17.846,26.046,3.474,11.439,26.334,10.505,66.379,46.255,10.660,36.390,41.760,7.226,33.267,16.483,13.434,10.029,24.804,21.389,5.931,43.549,11.029,11.854,17.944,14.643,31.416,21.238,1.266,3.586
AWD0-40_sum,year,-760.641,-691.548,-1162.705,-305.872,-1203.352,-888.488,-955.962,-972.680,-1253.101,-1395.366,-781.887,-997.207,-1106.575,-1002.918,-951.456,-304.889,-1441.275,-1023.378,-694.926,-1070.970,-1133.006,-648.773,-1451.376,-717.885,-840.534,-1052.289,-1111.634,-748.944,-548.367,-170.456
AWD0-40_sum,MAMJJASO,-382.229,-462.096,-695.633,-99.099,-1026.440,-596.275,-721.928,-585.660,-450.528,-928.842,-521.533,-542.560,-667.008,-701.029,-486.109,-167.067,-1224.412,-632.147,-460.797,-702.953,-748.520,-244.120,-1271.761,-534.616,-550.309,-624.189,-777.883,-580.078,-472.087,-176.050
AWD0-40_sum,AMJJAS,-242.856,-436.596,-430.978,-55.618,-683.919,-349.839,-538.216,-302.064,-176.358,-536.027,-402.265,-315.463,-518.381,-358.944,-158.733,-132.589,-683.796,-401.613,-246.392,-487.562,-505.809,12.040,-948.415,-376.267,-377.388,-507.835,-563.588,-264.129,-336.691,-155.219
AWD0-40_sum,ONDJFM,-227.428,-481.039,-339.587,-626.633,-121.269,-523.708,-738.345,-424.907,-1079.043,-1103.834,-410.040,-698.813,-649.690,-387.061,-625.741,-599.172,-521.255,-661.344,-546.544,-646.292,-211.098,-1025.747,-503.547,-333.483,-492.143,-263.548,-664.064,-555.562,-297.394,-168.575
AWD0-40_sum,NDJF,-129.485,-414.304,-273.444,-391.028,-128.190,-179.308,-361.035,-229.647,-799.602,-651.838,-216.137,-429.802,-529.262,-144.371,-428.350,-287.884,-269.382,-191.098,-420.838,-330.016,-166.972,-620.371,-224.025,-203.288,-223.177,-238.393,-481.765,-315.516,-24.041,-60.702
AWR0-10_u30,year,116.893,108.567,121.300,95.043,143.910,116.787,118.120,122.623,129.766,137.044,112.230,124.396,136.758,132.425,120.575,96.450,146.393,123.905,103.587,133.362,128.006,103.818,144.213,110.899,116.269,123.218,126.941,119.823,112.541,93.467
AWR0-10_u30,MAMJJASO,101.405,101.121,106.285,89.187,138.616,110.683,112.600,112.364,94.752,120.580,102.589,106.262,110.932,122.231,105.770,87.609,135.691,108.969,96.113,116.304,117.778,89.687,134.627,101.683,103.283,108.156,118.855,111.682,108.136,92.060
AWR0-10_u30,AMJJAS,87.194,96.269,92.595,82.082,115.933,95.087,97.539,90.981,79.527,96.107,91.692,86.225,98.048,91.417,77.761,78.227,103.432,91.896,81.127,99.114,98.544,68.460,112.331,90.500,87.010,95.904,107.331,90.262,94.289,84.746
AWR0-10_u30,ONDJFM,14.097,23.223,17.110,23.031,9.577,28.075,30.027,21.738,55.207,47.361,19.051,38.772,40.438,31.802,31.602,34.588,40.853,33.390,23.922,36.343,16.080,45.640,36.037,16.978,31.793,15.143,29.306,23.960,24.480,14.997
AWR0-10_u30,NDJF,6.554,14.542,10.756,9.232,4.524,5.602,6.989,5.471,37.002,19.845,6.639,17.570,29.292,4.730,16.346,6.666,17.610,8.137,13.947,14.207,7.009,16.839,12.458,9.145,11.848,8.737,14.872,10.040,2.913,3.129
AWR0-40_u30,year,74.482,81.482,96.145,69.200,117.160,92.690,96.474,89.568,85.340,115.604,87.513,89.429,95.954,91.304,82.230,64.256,118.444,88.417,80.836,97.903,107.670,68.403,122.380,86.280,84.573,91.155,97.450,84.674,79.255,62.931
AWR0-40_u30,MAMJJASO,71.357,79.078,90.788,67.749,115.971,90.018,93.274,86.442,73.235,107.458,86.526,83.656,93.117,88.918,75.610,62.930,117.163,85.599,79.391,94.721,100.365,62.629,121.674,84.842,82.028,86.150,94.937,84.277,79.094,62.924
AWR0-40_u30,AMJJAS,67.549,76.318,81.143,64.894,95.281,77.317,86.827,76.905,65.141,88.323,80.713,74.427,87.626,78.336,64.542,62.432,95.697,79.274,70.723,85.713,87.626,54.574,110.751,78.146,76.127,83.481,87.537,73.311,76.707,61.549
AWR0-40_u30,ONDJFM,0.382,7.427,5.653,14.417,3.594,22.128,16.603,10.489,20.987,27.786,11.427,13.164,10.779,8.621,10.386,15.471,11.269,17.679,7.615,15.437,5.270,27.948,10.129,7.895,9.575,5.381,9.645,9.353,9.828,2.493
AWR0-40_u30,NDJF,0.006,3.914,2.133,4.978,1.305,1.502,3.424,3.195,10.334,10.347,2.134,2.685,6.162,0.320,3.148,5.795,1.483,1.166,3.224,2.103,2.078,11.014,2.061,1.696,0.699,2.462,5.979,1.565,0.198,0.164
