Variable,Season,2055,2056,2057,2058,2059,2060,2061,2062,2063,2064,2065,2066,2067,2068,2069,2070,2071,2072,2073,2074,2075,2076,2077,2078,2079,2080,2081,2082,2083,2084
TMAX,year,16.068,17.159,17.552,15.948,15.139,16.058,15.031,16.630,17.778,17.563,16.429,17.470,16.190,17.367,16.783,15.138,16.383,16.570,17.546,18.145,16.718,17.807,17.335,16.843,17.241,17.700,17.905,17.939,17.244,16.205
TMAX,MAMJJASO,21.157,22.190,22.506,20.525,20.553,21.095,19.863,21.235,22.229,21.752,21.209,22.339,20.870,22.062,21.947,20.269,21.025,21.214,22.623,22.605,21.688,22.889,22.351,21.722,22.250,22.884,22.805,22.169,22.215,21.742
TMAX,AMJJAS,23.362,24.537,25.164,22.645,23.018,23.431,22.471,23.952,24.282,23.392,23.453,25.453,23.443,24.831,24.155,22.927,23.621,23.907,25.257,24.749,23.791,25.831,25.638,23.958,24.925,25.802,25.241,24.541,25.448,24.480
TMAX,ONDJFM,7.287,8.581,10.602,9.026,7.493,8.151,7.707,9.726,10.726,11.745,9.834,9.764,8.910,9.331,10.050,6.903,9.341,9.952,8.830,9.704,11.202,10.717,8.071,9.094,9.678,8.380,12.540,10.204,9.797,8.487
TMAX,NDJF,4.660,5.478,8.312,6.742,3.957,5.228,5.443,7.904,8.110,9.182,6.794,7.445,7.326,6.655,8.401,3.533,6.454,8.475,5.958,7.505,8.747,7.573,5.382,7.301,7.453,5.487,9.979,8.196,7.373,6.000
TMIN,year,8.122,8.138,8.712,8.209,7.325,7.568,6.989,8.482,8.988,8.869,7.990,8.507,7.881,8.654,8.172,7.103,8.124,8.503,8.861,9.214,8.567,8.890,8.051,8.321,8.063,8.471,9.168,9.185,8.454,7.746
TMIN,MAMJJASO,11.572,11.221,11.876,11.158,11.379,10.997,10.339,11.212,11.630,11.165,11.065,11.271,10.861,11.461,11.558,10.656,11.024,11.589,11.955,11.785,11.978,12.260,11.206,11.338,10.878,11.775,12.020,11.622,11.518,11.632
TMIN,AMJJAS,13.018,12.734,13.418,12.664,12.988,12.728,12.436,13.187,12.844,12.407,12.586,13.209,12.603,13.252,13.066,12.537,12.793,13.460,13.637,13.026,13.482,14.202,13.423,12.738,12.832,13.816,13.721,13.104,13.274,13.903
TMIN,ONDJFM,1.633,2.785,4.692,3.250,1.736,2.386,1.257,4.549,4.481,5.325,3.776,3.886,3.183,3.770,4.071,0.970,3.267,4.258,3.251,4.261,4.898,4.301,1.809,3.320,3.828,1.997,5.840,4.519,4.123,2.647
TMIN,NDJF,-0.028,0.643,3.392,1.876,-1.223,0.316,-0.082,3.890,3.333,3.711,2.134,2.724,2.394,2.111,3.307,-1.323,1.483,3.642,1.335,2.890,3.557,2.278,-0.085,2.240,2.831,0.429,4.745,3.503,2.582,0.987
TAVG,year,11.922,12.449,12.990,11.858,11.022,11.620,10.812,12.396,13.258,13.053,12.046,12.895,11.930,12.944,12.364,10.870,11.997,12.272,12.965,13.421,12.400,13.075,12.432,12.346,12.369,12.843,13.278,13.322,12.593,11.750
TAVG,MAMJJASO,16.121,16.512,17.035,15.611,15.703,15.820,14.851,16.055,16.821,16.302,15.951,16.728,15.752,16.741,16.646,15.218,15.766,16.154,17.044,16.936,16.586,17.309,16.529,16.267,16.268,17.108,17.149,16.692,16.599,16.439
TAVG,AMJJAS,17.987,18.542,19.172,17.472,17.774,17.931,17.241,18.463,18.538,17.855,17.916,19.368,17.972,19.137,18.627,17.548,18.032,18.482,19.291,18.720,18.476,19.819,19.368,18.165,18.696,19.690,19.301,18.742,19.128,19.021
TAVG,ONDJFM,4.290,5.460,7.433,5.937,4.380,5.072,4.270,6.919,7.332,8.304,6.560,6.597,5.863,6.362,6.831,3.689,5.923,6.769,5.722,6.702,7.662,7.162,4.612,5.902,6.429,4.806,8.796,7.005,6.623,5.286
TAVG,NDJF,2.258,2.939,5.714,4.174,1.201,2.669,2.537,5.756,5.555,6.262,4.357,4.972,4.745,4.259,5.725,0.929,3.687,5.767,3.391,4.996,5.857,4.687,2.383,4.532,4.903,2.693,7.087,5.565,4.730,3.274
RH,year,81.009,78.414,78.391,80.773,81.586,79.710,80.926,80.211,79.709,79.906,81.657,78.847,80.642,79.956,80.957,82.544,81.940,82.005,81.330,80.530,82.932,79.883,79.418,80.316,79.298,79.273,80.345,80.182,81.543,82.228
RH,MAMJJASO,78.107,74.483,74.621,78.106,79.501,76.529,77.822,76.742,76.115,76.403,78.980,74.234,77.761,76.356,77.828,79.965,78.635,79.099,77.649,76.567,80.415,76.403,75.234,76.412,75.033,75.006,76.480,76.590,77.831,79.158
RH,AMJJAS,76.707,72.738,72.531,77.266,77.516,75.329,77.155,75.194,74.526,75.753,77.580,71.186,75.900,74.224,75.802,78.285,77.042,77.664,75.585,74.504,78.743,74.283,72.511,74.137,72.774,72.061,74.327,74.075,74.718,78.251
RH,ONDJFM,84.278,84.700,84.792,83.832,84.838,85.180,84.065,86.198,83.818,83.980,85.610,86.129,86.019,85.634,85.629,86.705,86.618,86.792,86.993,87.061,86.796,85.748,85.972,86.690,86.134,86.557,85.444,86.740,88.027,87.180
RH,NDJF,85.777,87.030,86.313,85.956,85.523,86.321,86.040,88.480,86.768,86.034,87.538,88.150,87.245,87.016,87.132,87.846,88.006,88.474,88.759,88.180,88.918,87.257,87.264,88.017,87.908,88.255,87.792,87.902,89.157,88.315
RHmin,year,64.084,60.328,60.898,64.075,64.471,62.008,63.521,63.322,61.920,62.240,63.647,61.385,63.457,62.550,63.214,64.767,63.970,64.221,63.074,61.990,64.921,61.393,60.483,62.461,60.646,60.513,62.224,62.025,63.054,63.869
RHmin,MAMJJASO,58.766,54.174,55.152,59.138,60.557,56.892,58.407,57.377,56.268,56.281,58.630,54.439,58.365,56.840,57.977,60.245,58.421,59.470,56.945,55.883,60.417,56.171,54.487,56.290,53.672,54.443,55.841,56.515,57.107,58.770
RHmin,AMJJAS,56.752,52.146,52.160,57.899,57.750,55.438,57.414,55.436,54.189,55.677,56.836,51.005,56.035,54.343,56.017,58.129,56.424,57.422,54.412,53.420,58.738,53.467,51.433,53.706,51.568,51.545,53.584,53.917,52.632,57.985
RHmin,ONDJFM,70.063,70.053,70.158,69.422,69.944,70.629,68.125,72.813,68.490,68.566,70.400,71.163,71.305,71.546,70.327,71.081,70.356,71.512,71.920,72.358,70.224,69.311,69.483,71.135,70.796,69.829,68.496,71.425,72.537,71.598
RHmin,NDJF,73.517,74.055,73.517,73.087,71.622,73.359,71.565,77.254,73.895,71.980,75.043,75.382,74.142,74.823,73.704,74.134,73.853,74.828,75.261,75.226,74.264,72.855,72.121,73.826,74.894,74.072,73.324,74.554,75.482,74.247
PREC,year,759.265,450.955,599.730,564.647,618.868,607.984,662.983,613.706,524.435,606.088,570.374,604.199,646.860,720.604,685.321,654.795,728.130,781.073,702.214,692.529,768.001,689.585,517.551,661.772,610.539,607.862,739.657,672.245,715.740,885.721
PREC,MAMJJASO,557.499,309.609,423.945,455.213,466.977,441.944,470.784,416.576,397.399,451.694,421.501,433.167,451.115,522.682,526.575,554.359,588.566,605.380,505.758,493.753,622.962,514.828,388.331,466.926,405.715,462.940,512.266,509.183,547.176,665.006
PREC,AMJJAS,397.936,266.915,317.987,400.007,407.697,372.376,405.188,348.320,317.057,388.876,359.856,294.910,378.109,355.478,449.974,480.438,479.654,441.811,411.180,384.493,536.011,356.406,302.267,365.059,351.921,382.880,431.834,376.673,378.290,608.258
PREC,ONDJFM,142.499,297.920,277.159,192.018,174.179,218.301,241.698,292.746,198.036,228.485,194.930,284.070,304.575,312.596,332.847,156.731,187.750,321.706,318.090,348.280,231.439,280.148,236.628,291.663,281.966,220.676,325.659,271.526,282.059,301.412
PREC,NDJF,70.666,192.318,184.910,131.816,103.416,166.159,169.010,204.991,154.444,146.949,138.634,171.264,197.207,189.378,206.414,111.704,104.219,181.494,180.846,196.087,159.424,205.994,102.974,179.825,188.544,164.008,239.109,166.975,146.370,166.121
SRAD,year,3725.682,4189.789,3943.260,3618.826,3668.268,3944.795,3684.985,3899.900,3945.983,4001.688,3912.549,4120.198,3911.576,4057.934,4011.452,3788.011,4007.914,3870.863,4057.180,4059.628,3800.247,4034.231,4279.771,3992.242,4190.146,4228.368,4108.983,4080.179,4171.244,3949.692
SRAD,MAMJJASO,3438.560,3863.630,3637.599,3299.668,3357.928,3597.879,3390.869,3604.117,3622.764,3685.845,3596.315,3815.945,3600.025,3737.783,3684.545,3450.947,3688.594,3548.308,3750.832,3737.767,3479.776,3702.362,3941.397,3698.042,3882.751,3896.118,3816.689,3751.791,3878.976,3655.185
SRAD,AMJJAS,3029.748,3349.748,3246.435,2844.445,2983.516,3123.133,2904.843,3151.243,3169.527,3171.019,3142.229,3385.516,3155.973,3290.701,3225.911,2997.998,3215.957,3093.748,3287.411,3296.096,3045.070,3260.632,3457.961,3252.705,3355.977,3439.207,3330.924,3301.320,3513.340,3133.468
SRAD,ONDJFM,399.350,791.319,707.281,771.690,707.055,770.344,811.555,716.700,817.734,805.347,769.371,774.943,743.584,737.576,778.953,817.743,811.116,787.024,750.343,725.162,779.275,806.517,800.522,728.282,787.598,818.042,813.833,759.381,700.871,745.463
SRAD,NDJF,172.066,305.990,294.620,321.937,325.529,329.245,332.020,271.308,317.085,337.595,308.135,300.461,314.624,297.172,330.742,339.692,337.920,311.854,306.720,312.724,329.150,327.100,334.379,310.134,301.986,321.524,307.757,315.072,299.219,308.151
WIND,year,2.735,2.464,2.822,2.591,2.509,2.605,2.554,2.682,2.531,2.659,2.465,2.584,2.618,2.478,2.405,2.272,2.404,2.574,2.360,2.285,2.219,2.266,2.156,2.316,2.236,2.182,2.452,2.453,2.265,2.306
WIND,MAMJJASO,2.478,2.352,2.545,2.407,2.374,2.397,2.470,2.406,2.355,2.473,2.308,2.451,2.350,2.321,2.247,2.226,2.357,2.489,2.153,2.166,2.096,2.132,2.111,2.233,2.087,2.101,2.255,2.279,2.229,2.245
WIND,AMJJAS,2.316,2.240,2.310,2.323,2.364,2.279,2.416,2.291,2.201,2.234,2.247,2.316,2.284,2.111,2.162,2.169,2.237,2.268,2.033,1.972,2.035,1.945,2.088,2.152,1.996,2.052,2.249,2.132,2.132,2.132
WIND,ONDJFM,3.120,2.950,3.127,2.999,2.710,2.847,2.718,2.889,3.102,3.095,2.689,2.852,2.927,2.845,2.969,2.273,2.522,2.665,2.746,2.838,2.288,2.674,2.204,2.430,2.554,2.183,2.774,2.680,2.437,2.423
WIND,NDJF,3.177,2.948,3.270,3.128,2.650,2.996,2.848,2.932,3.262,3.039,2.717,2.896,3.077,2.825,3.043,2.305,2.541,2.613,2.673,2.822,2.235,2.791,2.103,2.431,2.619,2.202,2.939,2.744,2.400,2.388
VPD,year,0.354,0.436,0.453,0.348,0.336,0.381,0.331,0.379,0.413,0.388,0.347,0.474,0.364,0.431,0.389,0.321,0.350,0.352,0.394,0.405,0.337,0.434,0.439,0.389,0.426,0.463,0.410,0.420,0.381,0.363
VPD,MAMJJASO,0.475,0.591,0.613,0.460,0.449,0.513,0.446,0.509,0.551,0.512,0.462,0.652,0.485,0.585,0.526,0.431,0.471,0.470,0.537,0.545,0.452,0.587,0.602,0.529,0.582,0.639,0.556,0.562,0.519,0.496
VPD,AMJJAS,0.548,0.692,0.727,0.525,0.530,0.593,0.511,0.594,0.639,0.570,0.536,0.802,0.572,0.706,0.625,0.513,0.557,0.557,0.639,0.635,0.531,0.707,0.738,0.623,0.694,0.776,0.660,0.673,0.638,0.583
VPD,ONDJFM,0.149,0.163,0.181,0.171,0.154,0.153,0.158,0.159,0.194,0.205,0.163,0.157,0.144,0.156,0.157,0.125,0.150,0.147,0.141,0.143,0.168,0.171,0.137,0.138,0.153,0.140,0.192,0.148,0.136,0.134
VPD,NDJF,0.107,0.105,0.137,0.121,0.105,0.109,0.113,0.112,0.127,0.149,0.107,0.109,0.118,0.110,0.127,0.083,0.110,0.115,0.094,0.111,0.111,0.121,0.099,0.108,0.110,0.092,0.132,0.118,0.101,0.098
FWI_FD,year,1.713,3.747,3.366,2.147,1.789,2.238,1.617,2.521,2.760,2.192,1.947,3.709,2.004,2.636,2.261,1.482,1.777,1.583,2.342,2.630,1.278,2.565,2.792,1.951,2.999,3.036,2.034,2.407,2.091,1.546
FWI_FD,MAMJJASO,2.456,5.160,4.684,2.722,2.442,3.099,2.290,3.613,3.905,3.016,2.744,5.428,2.826,3.791,3.258,2.068,2.500,2.255,3.365,3.746,1.775,3.696,4.006,2.802,4.176,4.386,2.937,3.365,3.016,2.219
FWI_FD,AMJJAS,2.938,5.744,5.780,3.083,2.729,3.496,2.515,3.882,4.639,3.132,3.023,6.737,3.373,4.793,3.901,2.459,3.061,2.834,4.203,3.973,2.082,4.755,5.095,3.392,4.677,5.168,3.598,4.268,3.921,2.519
FWI_FD,ONDJFM,0.297,0.682,1.545,1.156,0.974,0.945,0.853,0.726,1.454,1.088,0.920,0.738,0.657,0.562,0.532,0.617,0.643,0.334,0.373,0.377,1.313,0.551,0.423,0.335,0.529,1.264,1.013,0.416,0.447,0.319
FWI_FD,NDJF,0.200,0.225,0.864,0.759,0.879,0.469,0.460,0.293,0.460,0.550,0.291,0.253,0.231,0.277,0.297,0.245,0.344,0.263,0.176,0.241,0.387,0.281,0.244,0.273,0.240,0.584,0.302,0.282,0.353,0.192
FWI_3+,year,6.010,47.341,42.576,15.769,9.018,18.828,6.801,21.070,27.656,12.840,12.411,51.037,18.626,32.769,24.803,6.923,13.945,8.536,25.985,27.647,4.356,32.675,31.481,14.445,32.926,37.613,13.752,25.781,19.424,11.412
FWI_3+,MAMJJASO,5.990,45.883,42.489,14.989,8.648,18.781,6.801,21.067,27.639,12.713,12.391,51.036,18.619,32.725,24.803,6.908,13.898,8.535,25.983,27.615,4.354,32.673,31.481,14.445,31.934,37.612,13.751,25.778,19.424,11.409
FWI_3+,AMJJAS,5.852,40.393,41.798,14.621,7.660,17.712,5.966,17.991,27.087,12.176,11.257,49.652,18.300,32.395,24.684,6.889,13.879,8.471,25.811,21.415,4.346,32.645,31.481,14.208,28.902,35.095,13.747,25.772,19.392,11.396
FWI_3+,ONDJFM,0.004,0.170,6.948,0.788,1.124,1.364,1.110,0.836,3.135,0.672,0.515,1.145,1.388,0.325,0.373,0.116,0.039,0.063,0.064,0.173,6.233,0.012,0.029,0.002,0.235,4.023,2.519,0.004,0.009,0.033
FWI_3+,NDJF,0.001,0.019,1.458,0.110,0.757,0.371,0.046,0.000,0.016,0.130,0.002,0.020,0.005,0.005,0.042,0.000,0.020,0.042,0.000,0.002,0.032,0.003,0.002,0.000,0.000,0.991,0.002,0.000,0.003,0.001
FWI_4+,year,0.069,5.624,4.759,0.978,0.204,0.267,0.077,0.151,1.765,0.589,0.149,9.870,0.142,6.899,1.878,0.113,0.393,0.065,1.403,0.398,0.004,0.448,1.798,0.458,0.742,6.757,0.084,1.503,0.193,0.544
FWI_4+,MAMJJASO,0.069,5.506,4.757,0.969,0.192,0.266,0.077,0.151,1.765,0.587,0.149,9.870,0.142,6.896,1.878,0.113,0.389,0.065,1.403,0.398,0.004,0.448,1.798,0.458,0.733,6.757,0.084,1.503,0.193,0.544
FWI_4+,AMJJAS,0.069,4.437,4.750,0.956,0.171,0.249,0.028,0.127,1.758,0.580,0.147,9.838,0.095,6.892,1.877,0.113,0.389,0.064,1.403,0.383,0.004,0.448,1.798,0.456,0.726,6.741,0.084,1.503,0.193,0.544
FWI_4+,ONDJFM,0.000,0.000,1.187,0.009,0.021,0.033,0.018,0.049,0.025,0.009,0.007,0.003,0.032,0.046,0.007,0.001,0.001,0.004,0.000,0.000,0.016,0.000,0.000,0.000,0.002,0.015,0.017,0.000,0.000,0.000
FWI_4+,NDJF,0.000,0.000,0.118,0.002,0.008,0.012,0.001,0.000,0.000,0.003,0.000,0.001,0.000,0.000,0.003,0.000,0.000,0.004,0.000,0.000,0.000,0.000,0.000,0.000,0.000,0.009,0.000,0.000,0.000,0.000
FWI_5+,year,0.003,0.072,0.045,0.005,0.000,0.001,0.005,0.002,0.005,0.010,0.000,0.653,0.010,0.078,0.004,0.001,0.000,0.000,0.003,0.001,0.000,0.000,0.008,0.004,0.000,0.051,0.000,0.002,0.000,0.000
FWI_5+,MAMJJASO,0.003,0.059,0.045,0.005,0.000,0.001,0.005,0.002,0.005,0.010,0.000,0.653,0.010,0.078,0.004,0.001,0.000,0.000,0.003,0.001,0.000,0.000,0.008,0.004,0.000,0.051,0.000,0.002,0.000,0.000
FWI_5+,AMJJAS,0.003,0.021,0.045,0.004,0.000,0.000,0.000,0.001,0.005,0.010,0.000,0.652,0.000,0.078,0.004,0.001,0.000,0.000,0.003,0.000,0.000,0.000,0.008,0.004,0.000,0.051,0.000,0.002,0.000,0.000
FWI_5+,ONDJFM,0.000,0.000,0.050,0.000,0.002,0.000,0.001,0.005,0.001,0.000,0.000,0.000,0.000,0.010,0.001,0.000,0.000,0.000,0.000,0.000,0.001,0.000,0.000,0.000,0.000,0.000,0.000,0.000,0.000,0.000
FWI_5+,NDJF,0.000,0.000,0.013,0.000,0.000,0.000,0.000,0.000,0.000,0.000,0.000,0.000,0.000,0.000,0.000,0.000,0.000,0.000,0.000,0.000,0.000,0.000,0.000,0.000,0.000,0.000,0.000,0.000,0.000,0.000
FWI_6,year,0.000,0.011,0.000,0.000,0.000,0.000,0.000,0.000,0.000,0.000,0.000,0.031,0.003,0.000,0.000,0.000,0.000,0.000,0.000,0.000,0.000,0.000,0.000,0.000,0.000,0.000,0.000,0.000,0.000,0.000
FWI_6,MAMJJASO,0.000,0.010,0.000,0.000,0.000,0.000,0.000,0.000,0.000,0.000,0.000,0.031,0.003,0.000,0.000,0.000,0.000,0.000,0.000,0.000,0.000,0.000,0.000,0.000,0.000,0.000,0.000,0.000,0.000,0.000
FWI_6,AMJJAS,0.000,0.006,0.000,0.000,0.000,0.000,0.000,0.000,0.000,0.000,0.000,0.031,0.000,0.000,0.000,0.000,0.000,0.000,0.000,0.000,0.000,0.000,0.000,0.000,0.000,0.000,0.000,0.000,0.000,0.000
FWI_6,ONDJFM,0.000,0.000,0.005,0.000,0.000,0.000,0.000,0.000,0.000,0.000,0.000,0.000,0.000,0.003,0.000,0.000,0.000,0.000,0.000,0.000,0.000,0.000,0.000,0.000,0.000,0.000,0.000,0.000,0.000,0.000
FWI_6,NDJF,0.000,0.000,0.001,0.000,0.000,0.000,0.000,0.000,0.000,0.000,0.000,0.000,0.000,0.000,0.000,0.000,0.000,0.000,0.000,0.000,0.000,0.000,0.000,0.000,0.000,0.000,0.000,0.000,0.000,0.000
DFM10H,year,20.188,17.682,18.327,18.886,20.390,19.328,20.654,18.862,18.167,18.790,18.991,18.370,19.406,19.188,19.059,19.671,19.570,20.003,19.300,18.646,20.057,18.871,18.322,19.297,18.570,18.906,19.457,18.872,19.927,21.377
DFM10H,MAMJJASO,18.328,15.600,16.759,17.822,18.364,17.614,18.019,17.006,16.773,17.336,17.454,16.377,17.762,17.690,17.575,18.353,18.075,18.883,17.496,16.845,19.116,17.448,16.605,17.548,16.468,16.915,17.592,17.729,18.463,18.615
DFM10H,AMJJAS,17.581,15.452,15.883,18.070,17.975,17.317,18.000,16.692,16.342,17.749,17.416,15.145,17.494,16.522,17.329,18.155,17.678,18.059,17.050,16.255,19.199,16.303,15.996,17.134,16.191,16.469,17.385,17.032,16.994,19.203
DFM10H,ONDJFM,21.358,22.098,20.852,19.771,22.021,21.841,22.767,21.736,19.504,19.895,20.358,21.226,21.606,21.953,21.323,20.906,20.672,21.874,21.971,22.161,20.102,21.258,20.886,21.372,21.375,21.590,20.761,21.121,21.852,23.500
DFM10H,NDJF,21.963,24.135,21.955,21.025,23.476,23.323,24.940,23.268,21.429,21.004,22.242,22.404,22.664,22.670,22.290,22.522,22.010,22.413,22.925,22.795,21.439,23.007,21.361,22.167,22.544,23.866,22.482,21.921,22.444,24.956
DFM10H_u10,year,11.383,36.046,35.934,15.105,9.963,21.711,12.237,22.656,26.593,26.216,10.819,39.328,23.066,28.156,25.666,18.173,17.646,11.492,27.953,31.721,12.395,34.000,38.551,26.210,41.174,42.834,28.177,32.087,30.561,17.295
DFM10H_u10,MAMJJASO,11.272,35.070,35.858,14.934,9.930,21.561,11.890,22.599,26.578,25.589,10.645,39.285,22.867,27.931,25.620,18.098,17.601,11.410,27.944,31.659,12.321,33.781,38.383,26.116,39.909,42.688,28.154,31.909,30.529,17.232
DFM10H_u10,AMJJAS,10.472,32.764,34.646,14.620,9.127,18.091,10.607,20.421,24.967,20.065,9.464,38.802,22.509,27.600,24.607,17.673,17.324,11.069,26.700,29.997,12.167,31.983,36.807,25.274,37.466,40.993,25.577,31.511,30.345,16.188
DFM10H_u10,ONDJFM,0.848,1.364,2.557,0.909,0.547,0.989,3.580,1.282,3.420,4.210,2.530,1.426,0.514,0.500,0.462,1.084,0.625,0.414,1.069,0.338,1.769,2.088,1.781,0.230,1.481,3.137,3.560,1.101,0.205,0.704
DFM10H_u10,NDJF,0.078,0.254,0.793,0.044,0.177,0.116,0.402,0.023,0.036,0.639,0.141,0.066,0.081,0.224,0.161,0.080,0.039,0.086,0.018,0.050,0.084,0.177,0.210,0.098,0.445,0.958,0.031,0.175,0.011,0.051
DFM10H_u8,year,0.166,4.797,7.476,1.169,0.189,1.625,0.636,1.976,2.649,3.633,0.521,10.985,1.433,9.507,5.198,1.297,0.796,1.119,2.986,3.428,0.125,3.007,5.934,3.180,3.240,9.528,2.930,4.468,3.872,1.474
DFM10H_u8,MAMJJASO,0.164,4.609,7.476,1.158,0.189,1.619,0.575,1.976,2.649,3.615,0.507,10.985,1.419,9.499,5.194,1.296,0.796,1.118,2.986,3.428,0.124,3.006,5.933,3.170,3.087,9.514,2.930,4.465,3.870,1.474
DFM10H_u8,AMJJAS,0.135,4.561,7.317,1.158,0.159,1.105,0.449,1.895,2.589,2.807,0.491,10.981,1.417,9.497,5.121,1.285,0.792,1.116,2.984,3.378,0.124,2.962,5.872,3.150,3.050,9.378,2.882,4.461,3.869,1.439
DFM10H_u8,ONDJFM,0.030,0.030,0.318,0.047,0.030,0.032,0.558,0.127,0.131,0.649,0.196,0.021,0.008,0.013,0.014,0.073,0.013,0.005,0.002,0.000,0.051,0.045,0.062,0.013,0.027,0.194,0.162,0.026,0.004,0.006
DFM10H_u8,NDJF,0.002,0.008,0.180,0.000,0.011,0.004,0.062,0.000,0.000,0.018,0.009,0.005,0.001,0.013,0.011,0.002,0.000,0.002,0.000,0.000,0.001,0.001,0.001,0.010,0.009,0.158,0.000,0.004,0.000,0.002
DFM10H_u6,year,0.000,0.073,0.341,0.000,0.000,0.002,0.008,0.014,0.006,0.148,0.005,1.562,0.016,1.144,0.138,0.000,0.000,0.024,0.037,0.033,0.000,0.002,0.287,0.075,0.001,0.734,0.068,0.046,0.032,0.038
DFM10H_u6,MAMJJASO,0.000,0.063,0.341,0.000,0.000,0.002,0.008,0.014,0.006,0.148,0.003,1.562,0.016,1.144,0.138,0.000,0.000,0.024,0.037,0.033,0.000,0.002,0.287,0.075,0.001,0.734,0.068,0.046,0.032,0.038
DFM10H_u6,AMJJAS,0.000,0.063,0.340,0.000,0.000,0.001,0.004,0.014,0.006,0.141,0.003,1.562,0.016,1.144,0.137,0.000,0.000,0.024,0.037,0.033,0.000,0.002,0.287,0.075,0.001,0.732,0.064,0.046,0.032,0.033
DFM10H_u6,ONDJFM,0.000,0.000,0.011,0.000,0.000,0.000,0.001,0.003,0.000,0.007,0.000,0.002,0.000,0.000,0.000,0.001,0.000,0.000,0.000,0.000,0.000,0.000,0.000,0.000,0.000,0.000,0.005,0.000,0.000,0.000
DFM10H_u6,NDJF,0.000,0.000,0.010,0.000,0.000,0.000,0.000,0.000,0.000,0.000,0.000,0.002,0.000,0.000,0.000,0.000,0.000,0.000,0.000,0.000,0.000,0.000,0.000,0.000,0.000,0.000,0.000,0.000,0.000,0.000
DFM10H_u4,year,0.000,0.000,0.000,0.000,0.000,0.000,0.000,0.000,0.000,0.000,0.000,0.054,0.000,0.006,0.000,0.000,0.000,0.000,0.000,0.000,0.000,0.000,0.003,0.002,0.000,0.002,0.000,0.000,0.000,0.000
DFM10H_u4,MAMJJASO,0.000,0.000,0.000,0.000,0.000,0.000,0.000,0.000,0.000,0.000,0.000,0.054,0.000,0.006,0.000,0.000,0.000,0.000,0.000,0.000,0.000,0.000,0.003,0.002,0.000,0.002,0.000,0.000,0.000,0.000
DFM10H_u4,AMJJAS,0.000,0.000,0.000,0.000,0.000,0.000,0.000,0.000,0.000,0.000,0.000,0.054,0.000,0.006,0.000,0.000,0.000,0.000,0.000,0.000,0.000,0.000,0.003,0.002,0.000,0.002,0.000,0.000,0.000,0.000
DFM10H_u4,ONDJFM,0.000,0.000,0.000,0.000,0.000,0.000,0.000,0.000,0.000,0.000,0.000,0.000,0.000,0.000,0.000,0.000,0.000,0.000,0.000,0.000,0.000,0.000,0.000,0.000,0.000,0.000,0.000,0.000,0.000,0.000
DFM10H_u4,NDJF,0.000,0.000,0.000,0.000,0.000,0.000,0.000,0.000,0.000,0.000,0.000,0.000,0.000,0.000,0.000,0.000,0.000,0.000,0.000,0.000,0.000,0.000,0.000,0.000,0.000,0.000,0.000,0.000,0.000,0.000
DFM10H_u2,year,0.000,0.000,0.000,0.000,0.000,0.000,0.000,0.000,0.000,0.000,0.000,0.000,0.000,0.000,0.000,0.000,0.000,0.000,0.000,0.000,0.000,0.000,0.000,0.000,0.000,0.000,0.000,0.000,0.000,0.000
DFM10H_u2,MAMJJASO,0.000,0.000,0.000,0.000,0.000,0.000,0.000,0.000,0.000,0.000,0.000,0.000,0.000,0.000,0.000,0.000,0.000,0.000,0.000,0.000,0.000,0.000,0.000,0.000,0.000,0.000,0.000,0.000,0.000,0.000
DFM10H_u2,AMJJAS,0.000,0.000,0.000,0.000,0.000,0.000,0.000,0.000,0.000,0.000,0.000,0.000,0.000,0.000,0.000,0.000,0.000,0.000,0.000,0.000,0.000,0.000,0.000,0.000,0.000,0.000,0.000,0.000,0.000,0.000
DFM10H_u2,ONDJFM,0.000,0.000,0.000,0.000,0.000,0.000,0.000,0.000,0.000,0.000,0.000,0.000,0.000,0.000,0.000,0.000,0.000,0.000,0.000,0.000,0.000,0.000,0.000,0.000,0.000,0.000,0.000,0.000,0.000,0.000
DFM10H_u2,NDJF,0.000,0.000,0.000,0.000,0.000,0.000,0.000,0.000,0.000,0.000,0.000,0.000,0.000,0.000,0.000,0.000,0.000,0.000,0.000,0.000,0.000,0.000,0.000,0.000,0.000,0.000,0.000,0.000,0.000,0.000
AWP0-40_S2+,year,45.043,183.965,121.057,128.346,89.250,112.143,57.225,91.033,134.525,120.416,102.438,107.617,79.755,65.584,65.466,70.356,80.277,32.495,71.631,87.262,31.836,80.193,114.437,63.252,121.015,103.338,69.427,67.986,68.019,32.924
AWP0-40_S2+,MAMJJASO,39.951,124.629,79.586,66.395,39.072,65.247,35.583,63.396,87.554,72.551,68.004,94.831,52.188,52.438,45.779,34.106,40.243,24.386,59.150,66.101,16.110,60.837,96.069,46.882,85.847,73.976,52.992,47.097,57.524,25.210
AWP0-40_S2+,AMJJAS,31.952,82.717,66.270,35.913,18.697,40.026,18.243,41.324,64.265,46.886,37.509,75.687,41.376,48.385,37.872,24.309,24.054,22.782,53.551,44.137,12.989,56.297,77.012,35.386,61.211,50.261,47.802,44.434,53.768,19.949
AWP0-40_S2+,ONDJFM,7.949,38.468,73.542,101.329,72.223,80.471,51.646,27.306,88.713,80.685,55.886,40.076,30.300,31.908,15.375,55.500,61.469,10.414,15.350,10.478,52.151,17.859,38.718,20.528,25.672,76.896,35.911,30.346,15.737,15.507
AWP0-40_S2+,NDJF,3.817,17.335,46.893,61.833,65.542,47.680,32.133,20.822,52.701,53.944,30.213,20.763,13.454,24.826,7.892,43.122,44.453,9.219,10.763,7.947,28.990,12.874,20.742,13.043,17.943,46.772,15.966,26.983,14.301,8.693
AWP0-40_S3+,year,17.321,134.533,87.785,92.196,56.480,72.859,29.423,51.746,87.049,82.498,61.194,73.469,46.386,45.372,40.267,37.327,54.095,15.029,42.307,57.938,11.578,43.488,66.075,31.892,80.113,65.623,37.964,38.589,36.377,14.552
AWP0-40_S3+,MAMJJASO,16.175,91.141,54.207,48.464,20.920,38.706,18.795,38.264,54.353,46.292,41.745,68.512,30.924,38.272,29.191,14.676,24.066,12.259,36.726,44.167,5.654,34.024,59.090,24.227,53.488,50.016,28.685,28.125,33.375,11.827
AWP0-40_S3+,AMJJAS,11.875,58.649,46.199,21.094,7.890,20.844,8.771,21.418,38.314,28.703,19.714,55.113,26.523,36.007,25.618,10.036,12.800,11.470,34.244,27.864,4.442,31.291,47.279,19.274,34.930,33.939,27.429,27.334,31.240,9.883
AWP0-40_S3+,ONDJFM,3.660,22.390,57.884,84.630,48.004,55.801,33.936,13.584,63.652,58.307,35.632,20.002,16.939,18.480,7.169,34.116,43.826,3.918,6.894,4.063,33.392,8.231,20.984,7.900,11.358,56.008,21.004,16.746,5.101,6.034
AWP0-40_S3+,NDJF,0.977,7.372,37.685,51.211,45.214,32.550,21.384,10.340,35.743,39.380,18.117,8.425,5.851,15.013,3.623,28.165,32.004,3.478,4.784,3.016,16.670,5.502,9.284,5.185,7.808,34.332,7.551,15.941,4.834,2.647
AWP0-40_S4+,year,6.362,85.958,53.523,60.440,33.356,41.019,13.081,25.190,48.497,47.721,29.400,44.119,22.967,28.497,20.981,15.222,30.454,5.611,20.634,33.518,3.530,20.788,31.315,13.441,44.593,35.026,12.645,19.898,15.985,5.034
AWP0-40_S4+,MAMJJASO,6.185,58.765,30.226,33.946,10.517,20.280,9.239,20.411,29.036,23.972,21.854,42.441,16.446,25.257,16.349,4.481,12.086,5.083,18.704,25.446,1.725,17.553,29.722,11.126,27.575,30.358,9.690,15.341,15.499,4.348
AWP0-40_S4+,AMJJAS,4.276,37.463,26.324,10.247,3.246,9.097,3.942,10.244,19.140,14.189,8.681,34.866,15.119,24.332,15.056,3.016,5.197,4.694,17.750,15.245,1.372,16.006,24.952,9.533,16.215,21.169,9.561,15.136,14.286,3.726
AWP0-40_S4+,ONDJFM,1.535,11.531,38.598,63.746,26.762,32.676,20.800,4.822,39.195,35.367,17.219,8.500,8.117,8.402,2.597,15.766,26.079,1.010,2.426,1.279,19.042,3.399,7.550,2.314,3.436,31.708,10.589,6.308,1.374,2.024
AWP0-40_S4+,NDJF,0.174,2.244,25.533,36.881,25.600,18.808,13.327,3.328,20.667,24.912,7.283,2.863,1.978,7.065,1.388,13.715,18.932,0.866,1.495,0.951,8.725,2.076,2.584,1.620,2.132,19.239,2.548,6.138,1.325,0.349
AWD0-40_sum,year,-561.839,-2017.996,-1456.396,-1031.255,-836.135,-1029.974,-642.808,-1130.208,-1390.050,-1129.867,-1082.361,-1245.302,-807.152,-738.365,-624.837,-474.799,-524.147,-386.377,-836.821,-1052.135,-252.281,-947.035,-1355.444,-845.451,-1441.580,-1027.896,-757.826,-784.677,-743.573,-133.858
AWD0-40_sum,MAMJJASO,-548.783,-1599.026,-1073.091,-661.623,-533.652,-764.248,-496.180,-929.907,-1165.685,-901.694,-922.323,-1185.876,-644.923,-658.382,-528.554,-354.855,-381.186,-355.023,-762.926,-871.163,-161.246,-889.299,-1246.573,-761.772,-1116.362,-913.701,-691.393,-665.453,-707.977,-84.749
AWD0-40_sum,AMJJAS,-460.150,-1167.719,-882.058,-425.076,-287.877,-495.357,-313.301,-646.353,-912.868,-656.202,-629.538,-999.932,-494.831,-635.000,-412.292,-263.234,-279.141,-350.479,-676.614,-577.399,-126.679,-875.390,-1117.783,-617.283,-795.224,-628.362,-586.419,-625.969,-682.328,15.689
AWD0-40_sum,ONDJFM,-39.345,-234.342,-709.154,-865.023,-424.640,-589.793,-455.463,-252.156,-689.169,-543.538,-355.432,-332.844,-254.536,-270.925,-111.855,-322.599,-273.620,-73.607,-55.271,-119.682,-504.670,-136.293,-151.882,-146.871,-227.789,-693.463,-349.112,-182.238,-121.443,-95.012
AWD0-40_sum,NDJF,-17.694,-46.383,-384.644,-484.648,-353.102,-276.936,-226.084,-136.949,-292.793,-272.498,-132.775,-120.573,-58.349,-164.690,-58.526,-165.243,-149.464,-52.431,-27.321,-68.625,-201.849,-81.398,-71.512,-86.193,-85.670,-356.254,-75.851,-103.347,-96.463,-29.725
AWR0-10_u30,year,45.603,84.925,68.537,49.052,34.919,43.244,25.950,63.631,60.381,52.265,38.917,79.395,43.427,56.546,52.998,31.611,37.527,33.262,55.353,64.875,23.526,59.171,66.615,35.990,74.930,63.895,47.015,49.603,50.548,29.389
AWR0-10_u30,MAMJJASO,45.603,82.752,64.501,45.425,33.811,43.191,25.653,63.585,60.283,52.076,38.871,79.395,43.200,56.399,52.998,31.608,37.520,33.262,55.341,64.213,23.521,59.170,66.614,35.984,70.864,63.894,47.013,49.575,50.548,29.106
AWR0-10_u30,AMJJAS,43.595,70.928,62.556,36.506,27.655,38.090,23.777,49.261,57.659,41.932,35.376,71.067,41.407,55.166,50.363,30.642,36.836,32.485,54.864,47.549,23.133,58.848,63.861,35.726,61.244,56.205,45.960,49.348,50.438,27.232
AWR0-10_u30,ONDJFM,0.004,6.535,9.471,14.040,4.548,7.992,4.377,2.160,15.671,6.636,6.076,2.618,8.313,1.996,1.433,3.303,0.902,0.064,1.162,0.080,17.326,0.496,2.716,0.359,0.507,13.533,8.185,0.368,0.253,0.303
AWR0-10_u30,NDJF,0.000,0.000,2.174,4.086,3.577,1.118,0.044,0.297,0.136,0.182,0.014,0.046,0.000,0.227,0.146,0.003,0.006,0.000,0.000,0.012,0.662,0.005,0.002,0.000,0.006,4.065,0.000,0.004,0.026,0.000
AWR0-40_u30,year,31.651,100.668,87.245,37.674,43.521,47.761,27.428,61.931,75.834,49.304,54.390,92.814,46.621,56.593,47.886,27.586,31.496,33.370,55.168,61.491,20.448,61.694,80.697,50.585,80.321,63.945,42.233,55.991,56.566,23.198
AWR0-40_u30,MAMJJASO,31.651,94.757,79.664,36.357,39.748,47.288,26.661,60.815,75.514,49.072,53.782,92.808,46.565,56.275,47.886,27.586,31.495,33.370,55.145,60.563,20.448,61.694,80.682,50.491,71.723,63.924,42.146,55.941,56.566,23.195
AWR0-40_u30,AMJJAS,30.059,81.569,73.977,35.429,30.451,43.909,24.873,47.894,70.549,46.887,46.414,84.113,45.961,55.708,47.819,27.418,31.285,32.891,54.005,49.076,20.448,61.002,79.515,48.169,57.375,54.860,41.018,55.117,54.851,23.189
AWR0-40_u30,ONDJFM,0.000,1.714,18.977,14.249,1.283,13.060,3.842,2.555,14.599,5.643,1.498,7.974,8.701,0.660,0.889,0.064,0.183,0.196,0.480,1.163,12.415,0.004,0.690,1.182,2.416,22.946,9.085,1.215,0.874,1.714
AWR0-40_u30,NDJF,0.000,0.000,5.912,7.863,1.035,3.780,0.466,0.767,1.117,0.533,0.019,0.608,0.005,0.056,0.318,0.001,0.000,0.001,0.000,0.023,0.928,0.000,0.000,0.015,0.093,8.597,0.021,0.087,0.050,0.000
