Variable,Season,2015,2016,2017,2018,2019,2020,2021,2022,2023,2024,2025,2026,2027,2028,2029,2030,2031,2032,2033,2034,2035,2036,2037,2038,2039,2040,2041,2042,2043,2044
TMAX,year,13.992,14.487,14.952,13.769,13.455,14.705,13.889,14.109,14.627,15.424,13.647,14.665,14.298,15.881,14.308,13.551,13.629,14.335,15.059,16.235,15.026,15.540,14.951,14.647,14.095,14.836,16.140,15.814,15.967,15.093
TMAX,MAMJJASO,19.250,19.466,20.154,18.454,18.925,20.260,18.825,19.108,19.236,20.156,18.560,19.856,19.360,20.917,19.367,18.251,17.789,19.237,20.117,21.197,20.423,20.328,20.255,19.604,18.949,19.950,21.302,20.509,21.031,19.740
TMAX,AMJJAS,21.076,21.913,22.464,20.581,21.576,23.015,22.105,21.775,21.199,21.682,20.727,22.417,21.793,23.573,21.486,21.212,20.255,21.918,22.753,23.744,22.229,22.639,23.703,21.732,21.557,22.286,23.994,22.656,24.023,22.689
TMAX,ONDJFM,4.980,6.286,8.573,6.161,5.489,6.908,5.378,7.256,7.001,8.625,7.760,6.377,6.424,8.403,7.624,4.924,7.428,7.583,6.470,6.727,10.199,8.015,6.136,6.667,7.231,6.460,10.011,7.191,8.232,7.679
TMAX,NDJF,1.895,3.066,5.812,3.736,1.746,4.341,3.218,5.370,3.814,5.501,4.612,3.680,4.061,5.254,5.402,2.019,5.254,6.439,3.190,4.066,7.577,4.356,3.501,4.498,4.696,3.654,7.499,4.328,5.676,5.213
TMIN,year,4.547,4.497,4.514,4.368,3.442,4.327,4.080,4.670,5.113,4.865,4.474,4.493,4.208,5.877,4.717,4.565,4.412,4.768,5.455,5.109,5.257,5.746,4.803,5.109,4.805,5.028,6.002,5.807,5.785,5.677
TMIN,MAMJJASO,8.519,8.500,8.366,7.729,7.738,8.214,7.561,8.273,8.715,7.897,8.382,8.262,8.228,9.446,8.491,8.064,7.402,8.727,9.313,8.563,9.452,9.470,8.675,8.699,8.563,8.892,9.499,9.286,9.196,9.336
TMIN,AMJJAS,10.002,10.470,10.492,9.365,9.973,10.446,10.144,10.522,10.487,9.419,10.202,10.161,10.028,11.586,10.440,10.469,9.738,10.914,11.453,10.675,10.970,11.561,11.217,10.407,10.982,11.004,11.475,11.082,11.195,11.965
TMIN,ONDJFM,-2.707,-1.840,-0.008,-1.907,-2.909,-0.959,-3.138,0.136,-1.195,-0.240,-0.466,-1.597,-1.835,0.298,-0.451,-2.523,-0.356,-0.645,-1.222,-1.441,0.937,-0.639,-1.768,-0.905,-0.577,-1.590,1.261,-0.339,0.178,0.125
TMIN,NDJF,-5.003,-4.395,-1.728,-3.473,-5.979,-2.331,-4.334,-0.947,-3.104,-2.222,-2.325,-3.542,-3.776,-1.862,-1.967,-4.212,-1.679,-1.103,-3.638,-3.438,-0.520,-3.207,-3.738,-2.532,-2.003,-3.688,0.070,-2.371,-1.476,-1.430
TAVG,year,8.879,8.955,9.289,8.625,8.010,9.094,8.580,8.982,9.442,9.673,8.594,9.225,8.811,10.403,9.078,8.659,8.571,9.098,9.750,10.190,9.618,10.160,9.439,9.401,8.955,9.343,10.620,10.280,10.392,9.814
TAVG,MAMJJASO,13.421,13.430,13.755,12.614,12.838,13.774,12.747,13.281,13.521,13.557,12.964,13.701,13.348,14.683,13.445,12.786,12.140,13.540,14.203,14.417,14.398,14.400,14.043,13.634,13.244,13.783,14.935,14.360,14.593,13.915
TAVG,AMJJAS,15.151,15.697,16.024,14.553,15.350,16.318,15.741,15.816,15.440,15.185,15.031,15.989,15.531,17.155,15.572,15.558,14.620,16.036,16.650,16.887,16.147,16.647,17.111,15.643,15.809,16.081,17.338,16.432,17.148,16.756
TAVG,ONDJFM,0.707,1.773,3.768,1.694,0.816,2.500,0.688,3.229,2.442,3.693,3.071,1.973,1.866,3.799,3.100,0.708,3.021,2.899,2.123,2.135,4.813,3.132,1.711,2.378,2.797,1.855,5.030,2.903,3.594,3.407
TAVG,NDJF,-1.869,-0.991,1.642,-0.216,-2.470,0.654,-0.908,1.789,0.020,1.213,0.677,-0.231,-0.241,1.234,1.334,-1.467,1.363,2.129,-0.638,-0.101,2.844,0.144,-0.506,0.532,0.901,-0.504,3.292,0.549,1.600,1.507
RH,year,79.091,80.220,76.813,80.299,78.472,77.412,78.256,79.391,77.248,76.195,81.483,73.795,74.582,75.980,78.899,78.617,78.055,76.809,77.453,72.106,75.516,75.816,75.145,77.471,79.582,78.131,75.160,77.686,78.545,80.783
RH,MAMJJASO,76.485,78.123,73.542,76.880,75.051,73.823,74.475,76.347,75.651,72.146,79.917,70.751,72.142,72.727,75.768,75.320,75.343,74.640,75.299,67.295,72.967,73.687,70.684,74.796,77.155,76.054,71.302,75.455,74.778,78.256
RH,AMJJAS,75.120,76.186,73.606,75.417,73.028,71.738,72.095,75.050,75.101,72.659,78.897,69.186,69.742,71.316,75.129,72.658,75.371,74.207,74.678,65.321,72.288,73.400,67.968,73.239,77.397,74.906,68.768,74.254,71.971,77.927
RH,ONDJFM,82.942,83.776,81.454,84.176,84.727,83.818,82.329,84.788,80.760,78.270,83.161,80.807,78.780,80.326,81.783,84.918,80.983,79.430,80.605,79.950,79.272,76.460,81.708,82.017,82.120,81.704,80.597,80.754,84.607,84.610
RH,NDJF,83.861,84.968,83.205,86.062,86.110,85.986,83.975,86.724,82.405,81.660,84.975,82.528,78.067,83.409,82.712,86.905,83.052,82.103,82.279,81.676,81.876,78.909,83.930,82.884,84.043,83.354,82.233,81.928,85.824,86.619
RHmin,year,58.467,57.675,55.077,59.302,56.789,55.924,57.322,58.712,56.816,54.661,60.209,53.656,53.975,55.359,57.988,58.933,57.888,56.383,56.636,50.787,54.926,55.421,54.516,56.930,58.705,56.424,54.781,56.173,56.906,59.203
RHmin,MAMJJASO,54.590,55.004,50.901,54.794,52.799,50.973,52.455,54.555,54.337,49.372,57.682,49.686,51.138,50.953,53.763,54.845,54.173,53.806,53.542,45.648,51.611,52.498,49.604,52.969,55.453,53.116,49.691,53.020,51.745,55.936
RHmin,AMJJAS,53.574,53.387,51.093,53.304,51.147,49.190,50.344,53.507,54.025,50.152,56.885,48.128,48.903,49.738,53.600,52.692,54.535,53.241,52.786,44.415,51.206,52.303,46.930,51.748,55.850,52.477,47.287,52.336,48.694,55.679
RHmin,ONDJFM,62.903,62.825,60.589,63.573,62.800,63.831,61.135,65.843,60.820,57.971,62.262,61.138,58.978,60.525,61.676,65.025,61.730,59.523,61.352,59.788,57.079,56.768,61.805,62.475,62.322,61.057,59.432,61.897,63.224,64.843
RHmin,NDJF,65.110,64.994,63.877,66.441,64.904,67.714,64.115,68.790,64.440,62.090,65.840,63.944,59.072,64.491,63.828,68.949,64.989,62.768,64.104,62.239,60.715,60.401,64.708,64.030,65.846,63.598,63.151,64.272,65.926,68.158
PREC,year,755.417,599.802,522.078,697.962,630.306,511.614,563.708,664.292,572.359,500.246,714.130,531.376,619.530,548.858,705.080,639.312,734.068,712.250,722.568,381.935,695.591,613.413,481.342,642.307,803.228,625.225,681.845,648.393,656.549,849.570
PREC,MAMJJASO,538.529,472.805,418.981,513.398,438.949,374.945,380.585,501.566,497.893,357.137,612.578,433.715,472.382,447.639,485.380,457.108,613.088,598.831,513.002,289.007,567.726,504.085,378.583,446.381,621.214,532.487,520.170,533.161,467.880,635.838
PREC,AMJJAS,420.370,405.852,379.893,436.019,420.285,324.057,307.376,397.066,442.214,295.436,532.323,343.636,386.748,354.508,439.479,401.476,525.729,489.337,445.138,238.464,494.829,436.321,268.185,385.463,568.881,445.315,391.016,431.197,332.510,547.172
PREC,ONDJFM,129.370,308.817,173.700,219.719,198.535,235.192,182.560,302.542,154.607,139.491,202.119,176.167,237.688,197.571,243.719,245.062,211.140,227.271,251.474,261.841,150.030,145.876,201.784,263.618,252.680,233.543,181.897,246.801,264.008,341.463
PREC,NDJF,73.044,205.610,124.059,149.962,167.339,201.332,108.897,198.340,103.122,96.372,132.705,97.477,99.653,151.591,135.353,214.730,150.392,135.126,153.777,170.112,91.987,104.198,138.157,143.257,187.183,150.933,113.970,114.108,161.193,212.504
SRAD,year,4733.638,4936.395,4856.697,4644.668,4807.830,4893.472,4781.902,4743.413,4855.386,5123.176,4535.778,5092.201,4989.141,4799.978,4738.702,4622.892,4729.458,4731.929,4748.213,5119.520,4773.346,4777.170,5071.647,4784.970,4718.739,4826.097,4947.809,4704.162,4805.149,4507.064
SRAD,MAMJJASO,4117.404,4245.238,4187.342,4071.382,4179.074,4280.568,4177.141,4127.607,4170.003,4451.748,3917.619,4362.980,4261.555,4154.194,4095.982,4005.539,4075.775,4036.530,4106.971,4439.557,4115.046,4113.956,4412.435,4147.268,4113.685,4158.006,4339.848,4052.458,4244.240,3925.923
SRAD,AMJJAS,3474.462,3586.108,3483.781,3452.914,3528.754,3620.807,3532.821,3484.198,3450.683,3667.957,3325.503,3704.729,3620.693,3480.777,3424.257,3407.105,3369.352,3385.360,3474.156,3719.996,3451.434,3460.200,3752.775,3489.297,3405.327,3500.806,3694.891,3372.728,3680.710,3287.098
SRAD,ONDJFM,694.912,1311.342,1339.650,1240.321,1282.446,1241.528,1312.297,1186.681,1400.588,1494.255,1254.571,1344.790,1381.636,1318.893,1310.878,1247.345,1345.189,1357.852,1275.447,1330.283,1321.938,1400.867,1307.358,1254.945,1313.523,1284.829,1357.078,1271.469,1209.125,1167.554
SRAD,NDJF,351.751,657.635,656.954,603.445,648.677,567.886,658.075,577.340,671.101,715.436,621.398,673.500,759.172,627.046,691.491,595.914,669.182,673.617,642.455,668.323,663.907,683.555,635.578,639.022,618.548,640.702,640.935,648.978,582.012,547.291
WIND,year,1.938,1.822,1.838,1.949,1.916,1.716,1.770,1.618,1.555,1.533,1.620,1.835,1.846,1.728,1.618,1.538,1.609,1.771,1.803,1.943,1.847,1.937,1.952,1.954,1.900,1.880,2.051,1.961,1.911,1.993
WIND,MAMJJASO,1.687,1.714,1.732,1.877,1.794,1.602,1.752,1.513,1.421,1.484,1.518,1.747,1.703,1.696,1.509,1.534,1.598,1.766,1.718,1.898,1.750,1.852,1.908,1.847,1.835,1.866,1.932,1.837,1.862,1.890
WIND,AMJJAS,1.589,1.573,1.604,1.853,1.805,1.612,1.780,1.459,1.369,1.384,1.488,1.558,1.635,1.593,1.515,1.544,1.555,1.640,1.651,1.840,1.701,1.690,1.844,1.804,1.776,1.808,1.929,1.761,1.776,1.820
WIND,ONDJFM,2.115,2.325,2.166,1.946,2.089,1.928,1.762,1.727,1.690,1.819,1.616,1.997,2.068,1.968,1.883,1.557,1.611,1.776,1.873,2.068,2.073,1.990,2.060,2.186,2.052,1.960,2.163,2.106,2.050,2.112
WIND,NDJF,2.191,2.388,2.122,2.017,2.145,2.100,1.859,1.694,1.825,1.824,1.685,1.977,2.030,1.951,1.865,1.678,1.592,1.711,1.820,2.024,2.076,2.026,2.047,2.189,2.092,1.910,2.231,2.123,2.081,2.120
VPD,year,0.339,0.320,0.383,0.322,0.357,0.387,0.379,0.351,0.360,0.405,0.286,0.443,0.427,0.444,0.352,0.365,0.333,0.381,0.378,0.528,0.418,0.414,0.457,0.367,0.317,0.360,0.471,0.400,0.399,0.335
VPD,MAMJJASO,0.451,0.423,0.512,0.435,0.485,0.526,0.518,0.475,0.462,0.542,0.376,0.589,0.566,0.595,0.471,0.488,0.434,0.500,0.498,0.715,0.554,0.534,0.629,0.486,0.419,0.475,0.635,0.524,0.540,0.440
VPD,AMJJAS,0.516,0.503,0.576,0.496,0.571,0.622,0.628,0.560,0.522,0.589,0.431,0.691,0.661,0.701,0.535,0.590,0.490,0.580,0.573,0.841,0.624,0.609,0.766,0.563,0.473,0.549,0.760,0.612,0.652,0.512
VPD,ONDJFM,0.135,0.148,0.179,0.144,0.139,0.155,0.146,0.141,0.176,0.222,0.167,0.166,0.184,0.207,0.172,0.129,0.179,0.195,0.171,0.179,0.227,0.239,0.159,0.156,0.163,0.158,0.204,0.177,0.151,0.153
VPD,NDJF,0.099,0.102,0.134,0.097,0.084,0.103,0.106,0.104,0.125,0.145,0.110,0.118,0.157,0.129,0.139,0.080,0.138,0.154,0.119,0.129,0.160,0.163,0.114,0.120,0.118,0.111,0.157,0.132,0.115,0.105
FWI_FD,year,1.495,1.831,2.685,1.609,2.352,3.066,2.623,1.821,1.802,2.914,1.146,3.087,2.366,2.879,1.616,1.882,1.238,1.684,1.743,4.908,2.267,2.457,3.423,1.909,1.441,1.988,2.945,2.391,2.881,1.525
FWI_FD,MAMJJASO,2.095,2.288,3.502,2.117,3.252,4.056,3.782,2.550,2.259,4.076,1.548,4.304,3.178,3.986,2.299,2.548,1.636,2.289,2.359,6.386,2.931,3.203,4.910,2.632,1.837,2.524,4.148,3.160,4.144,2.001
FWI_FD,AMJJAS,2.481,2.567,3.580,2.265,3.259,4.436,4.571,2.969,2.506,4.286,1.702,5.207,3.500,4.749,2.324,3.075,1.760,2.743,2.645,7.180,3.214,3.491,6.259,3.129,1.860,2.777,5.059,3.774,5.068,2.387
FWI_FD,ONDJFM,0.264,0.489,1.529,1.338,0.986,1.433,1.672,0.671,1.032,1.459,0.965,0.806,0.822,1.346,0.785,0.737,0.949,0.776,0.476,0.767,2.908,1.900,0.577,0.563,0.653,0.940,1.592,0.706,0.745,0.700
FWI_FD,NDJF,0.158,0.276,1.001,0.931,0.557,0.509,1.091,0.284,0.593,0.785,0.450,0.357,0.812,0.495,0.577,0.124,0.638,0.550,0.274,0.498,2.260,1.069,0.373,0.399,0.461,0.615,1.202,0.359,0.644,0.256
FWI_3+,year,2.214,2.309,13.126,3.477,14.505,23.623,22.572,10.390,4.841,20.403,0.914,27.342,12.030,25.432,4.244,7.789,1.742,10.882,5.546,51.731,11.316,12.774,37.900,6.776,1.014,5.067,23.877,17.571,23.281,4.468
FWI_3+,MAMJJASO,2.078,1.761,12.726,3.359,13.959,23.291,22.538,10.342,4.473,20.293,0.878,27.199,11.575,25.346,4.222,7.712,1.640,10.843,5.452,49.108,11.185,12.579,37.875,6.752,0.970,4.966,23.767,17.538,23.272,4.203
FWI_3+,AMJJAS,2.032,1.206,11.244,3.217,9.451,18.572,21.846,10.244,4.376,19.094,0.782,26.923,10.187,24.760,4.069,7.644,1.604,10.729,4.605,44.458,11.036,11.419,37.756,6.712,0.782,4.453,23.665,17.513,21.197,4.174
FWI_3+,ONDJFM,0.030,0.162,1.652,1.362,0.253,5.057,5.029,0.717,0.329,0.859,0.777,0.290,0.442,1.799,0.507,0.163,0.173,0.231,0.054,0.932,7.316,1.533,0.040,0.183,0.030,0.225,0.805,0.038,0.040,2.084
FWI_3+,NDJF,0.011,0.133,0.560,0.418,0.084,0.574,0.310,0.027,0.168,0.336,0.037,0.065,0.321,0.253,0.075,0.016,0.096,0.097,0.021,0.102,2.648,0.279,0.011,0.026,0.024,0.041,0.203,0.011,0.029,0.009
FWI_4+,year,0.037,0.066,0.456,0.109,0.380,0.764,2.831,0.489,0.125,0.325,0.034,3.732,0.410,1.005,0.027,0.380,0.028,0.144,0.030,7.149,0.269,0.242,3.135,0.041,0.009,0.016,2.568,0.960,0.019,0.046
FWI_4+,MAMJJASO,0.011,0.054,0.415,0.096,0.365,0.734,2.830,0.481,0.079,0.313,0.024,3.715,0.342,0.985,0.025,0.373,0.019,0.140,0.017,7.121,0.262,0.211,3.132,0.040,0.006,0.012,2.560,0.955,0.017,0.014
FWI_4+,AMJJAS,0.009,0.012,0.351,0.091,0.325,0.678,2.746,0.479,0.072,0.282,0.016,3.675,0.270,0.946,0.012,0.372,0.018,0.131,0.014,7.072,0.249,0.115,3.128,0.032,0.000,0.010,2.560,0.953,0.015,0.014
FWI_4+,ONDJFM,0.002,0.028,0.103,0.059,0.020,0.054,0.079,0.084,0.030,0.057,0.026,0.055,0.060,0.117,0.038,0.016,0.009,0.019,0.004,0.018,0.075,0.136,0.008,0.014,0.001,0.009,0.012,0.005,0.004,0.004
FWI_4+,NDJF,0.002,0.026,0.014,0.042,0.008,0.022,0.024,0.001,0.020,0.041,0.010,0.019,0.048,0.033,0.011,0.003,0.007,0.009,0.002,0.014,0.028,0.034,0.002,0.002,0.001,0.003,0.010,0.003,0.004,0.002
FWI_5+,year,0.003,0.019,0.037,0.007,0.038,0.019,0.081,0.016,0.021,0.017,0.005,0.238,0.030,0.051,0.001,0.047,0.003,0.003,0.006,0.289,0.006,0.029,0.049,0.005,0.001,0.002,0.020,0.006,0.000,0.012
FWI_5+,MAMJJASO,0.000,0.016,0.027,0.004,0.036,0.013,0.081,0.015,0.018,0.014,0.001,0.237,0.013,0.047,0.001,0.046,0.002,0.003,0.002,0.285,0.006,0.024,0.048,0.005,0.001,0.002,0.019,0.004,0.000,0.000
FWI_5+,AMJJAS,0.000,0.003,0.020,0.002,0.031,0.012,0.071,0.015,0.018,0.010,0.001,0.227,0.007,0.040,0.000,0.046,0.001,0.001,0.001,0.277,0.004,0.003,0.048,0.003,0.000,0.002,0.019,0.003,0.000,0.000
FWI_5+,ONDJFM,0.000,0.003,0.022,0.012,0.006,0.007,0.005,0.010,0.002,0.008,0.004,0.011,0.017,0.011,0.009,0.002,0.001,0.003,0.001,0.005,0.011,0.026,0.003,0.003,0.000,0.001,0.002,0.002,0.002,0.000
FWI_5+,NDJF,0.000,0.003,0.003,0.012,0.002,0.005,0.004,0.000,0.001,0.005,0.003,0.002,0.015,0.004,0.002,0.001,0.001,0.002,0.001,0.003,0.004,0.005,0.001,0.001,0.000,0.000,0.002,0.001,0.002,0.000
FWI_6,year,0.000,0.005,0.007,0.003,0.006,0.001,0.013,0.001,0.006,0.002,0.000,0.029,0.003,0.008,0.000,0.005,0.002,0.000,0.001,0.003,0.001,0.007,0.000,0.001,0.001,0.000,0.003,0.000,0.000,0.004
FWI_6,MAMJJASO,0.000,0.004,0.004,0.001,0.005,0.001,0.013,0.000,0.006,0.001,0.000,0.029,0.001,0.008,0.000,0.005,0.000,0.000,0.000,0.002,0.001,0.004,0.000,0.001,0.001,0.000,0.003,0.000,0.000,0.000
FWI_6,AMJJAS,0.000,0.000,0.003,0.000,0.005,0.000,0.013,0.000,0.006,0.001,0.000,0.026,0.000,0.006,0.000,0.005,0.000,0.000,0.000,0.001,0.000,0.001,0.000,0.000,0.000,0.000,0.003,0.000,0.000,0.000
FWI_6,ONDJFM,0.000,0.000,0.005,0.005,0.002,0.001,0.000,0.000,0.001,0.001,0.000,0.002,0.002,0.002,0.003,0.000,0.000,0.001,0.000,0.001,0.002,0.007,0.000,0.001,0.000,0.001,0.000,0.000,0.000,0.000
FWI_6,NDJF,0.000,0.000,0.001,0.005,0.001,0.001,0.000,0.000,0.001,0.001,0.000,0.000,0.001,0.001,0.000,0.000,0.000,0.001,0.000,0.001,0.001,0.002,0.000,0.000,0.000,0.000,0.000,0.000,0.000,0.000
DFM10H,year,21.471,20.311,19.042,21.278,21.424,19.040,21.002,20.603,19.009,17.979,20.718,18.946,20.527,18.121,21.160,21.675,21.254,20.664,20.405,17.363,19.224,19.340,19.441,20.199,21.089,19.758,18.645,19.160,19.420,21.766
DFM10H,MAMJJASO,18.404,18.303,16.801,19.410,18.180,16.773,17.727,18.523,17.839,15.898,19.476,16.651,18.095,16.699,18.052,19.114,19.409,19.195,18.312,14.938,17.600,17.841,16.776,17.775,19.234,18.712,16.761,17.734,17.082,19.577
DFM10H,AMJJAS,17.958,17.900,17.434,19.148,17.833,16.339,16.451,17.964,18.467,16.391,19.537,16.113,17.339,16.622,18.775,18.212,19.993,18.894,18.398,14.275,17.884,18.555,15.272,17.774,19.420,18.434,16.352,17.924,15.793,19.675
DFM10H,ONDJFM,26.060,25.718,19.707,23.545,25.203,22.424,23.568,23.067,21.421,18.473,21.259,22.696,22.350,21.246,21.680,26.467,22.821,20.473,23.978,23.556,17.051,20.786,23.823,23.013,22.632,22.657,17.878,21.932,21.857,24.159
DFM10H,NDJF,28.414,28.478,21.501,25.620,27.903,25.038,24.854,24.399,24.330,20.774,23.277,24.835,22.062,24.411,23.248,29.911,25.794,20.935,26.838,25.305,17.833,24.285,26.153,24.320,24.255,24.286,19.108,23.590,23.286,25.948
DFM10H_u10,year,25.207,24.047,47.541,28.317,40.732,58.651,46.016,32.383,28.937,63.330,11.051,61.006,60.744,55.403,28.075,32.848,31.782,38.001,25.866,94.707,46.230,48.818,67.275,33.835,21.913,22.827,66.156,36.063,45.620,19.133
DFM10H_u10,MAMJJASO,23.931,19.951,46.899,27.872,40.374,57.127,45.885,32.202,27.145,60.856,10.657,58.993,55.370,52.237,26.991,30.971,30.103,33.756,24.139,92.238,43.523,41.645,67.021,32.979,21.090,21.521,64.851,34.027,45.350,16.904
DFM10H_u10,AMJJAS,22.277,18.909,32.439,22.720,31.939,48.464,43.088,26.820,20.247,39.831,8.533,53.549,49.216,46.024,20.177,29.030,21.277,28.270,19.383,78.190,36.822,29.254,62.174,29.713,15.554,17.829,56.818,31.574,43.414,12.022
DFM10H_u10,ONDJFM,0.994,2.746,12.631,7.958,5.059,8.839,9.556,3.627,10.822,18.726,8.950,5.794,7.994,13.084,5.066,5.411,8.617,14.140,6.207,5.913,17.622,21.396,7.024,2.772,4.706,3.901,8.825,8.761,1.222,3.864
DFM10H_u10,NDJF,0.034,1.323,4.563,0.480,0.060,0.358,1.541,0.135,1.824,2.589,0.065,1.402,4.562,3.510,2.391,0.127,2.366,5.259,1.377,1.370,3.415,6.801,1.517,0.707,0.419,0.872,2.303,2.000,0.077,0.232
DFM10H_u8,year,1.219,2.429,7.802,1.769,6.146,9.567,5.703,3.296,0.982,13.290,0.118,13.727,12.791,7.486,1.977,3.120,2.538,4.842,1.362,25.530,5.266,4.718,13.802,1.930,1.383,0.421,14.263,5.463,2.929,0.307
DFM10H_u8,MAMJJASO,1.193,1.546,7.797,1.769,6.146,9.548,5.703,3.296,0.925,12.910,0.117,13.605,12.207,7.254,1.966,3.117,2.522,4.487,1.228,25.367,5.257,4.066,13.802,1.904,1.379,0.415,14.231,5.241,2.929,0.306
DFM10H_u8,AMJJAS,1.165,1.546,5.399,1.359,4.051,8.482,5.300,3.014,0.418,7.516,0.070,13.251,11.062,6.585,1.760,3.087,2.236,3.381,0.715,23.587,4.956,2.198,12.773,1.855,1.206,0.359,13.612,5.216,2.917,0.290
DFM10H_u8,ONDJFM,0.028,0.026,2.209,1.241,0.419,1.929,1.077,0.406,0.836,4.956,0.875,0.353,0.763,1.911,0.271,0.026,0.166,1.626,0.650,0.212,2.013,2.528,1.049,0.068,0.130,0.061,0.123,0.829,0.012,0.013
DFM10H_u8,NDJF,0.000,0.026,0.887,0.000,0.000,0.000,0.019,0.000,0.057,0.381,0.000,0.036,0.338,0.484,0.091,0.000,0.005,0.370,0.134,0.132,0.034,0.639,0.020,0.024,0.006,0.002,0.036,0.222,0.000,0.000
DFM10H_u6,year,0.000,0.007,0.256,0.006,0.163,0.040,0.393,0.002,0.000,0.360,0.000,0.959,0.207,0.020,0.030,0.018,0.001,0.002,0.088,3.155,0.051,0.014,0.436,0.000,0.000,0.000,1.110,0.249,0.001,0.000
DFM10H_u6,MAMJJASO,0.000,0.000,0.256,0.006,0.163,0.040,0.393,0.002,0.000,0.346,0.000,0.959,0.202,0.020,0.030,0.018,0.001,0.002,0.088,3.155,0.051,0.009,0.436,0.000,0.000,0.000,1.110,0.249,0.001,0.000
DFM10H_u6,AMJJAS,0.000,0.000,0.213,0.006,0.155,0.040,0.341,0.002,0.000,0.229,0.000,0.959,0.199,0.020,0.030,0.018,0.001,0.002,0.088,3.155,0.051,0.004,0.436,0.000,0.000,0.000,1.110,0.249,0.001,0.000
DFM10H_u6,ONDJFM,0.000,0.000,0.050,0.000,0.002,0.006,0.000,0.052,0.000,0.131,0.000,0.000,0.003,0.005,0.000,0.000,0.000,0.000,0.000,0.000,0.000,0.010,0.000,0.000,0.000,0.000,0.000,0.000,0.000,0.000
DFM10H_u6,NDJF,0.000,0.000,0.007,0.000,0.000,0.000,0.000,0.000,0.000,0.014,0.000,0.000,0.001,0.004,0.000,0.000,0.000,0.000,0.000,0.000,0.000,0.005,0.000,0.000,0.000,0.000,0.000,0.000,0.000,0.000
DFM10H_u4,year,0.000,0.000,0.000,0.000,0.000,0.000,0.000,0.000,0.000,0.000,0.000,0.000,0.000,0.000,0.000,0.000,0.000,0.000,0.000,0.021,0.000,0.000,0.000,0.000,0.000,0.000,0.000,0.000,0.000,0.000
DFM10H_u4,MAMJJASO,0.000,0.000,0.000,0.000,0.000,0.000,0.000,0.000,0.000,0.000,0.000,0.000,0.000,0.000,0.000,0.000,0.000,0.000,0.000,0.021,0.000,0.000,0.000,0.000,0.000,0.000,0.000,0.000,0.000,0.000
DFM10H_u4,AMJJAS,0.000,0.000,0.000,0.000,0.000,0.000,0.000,0.000,0.000,0.000,0.000,0.000,0.000,0.000,0.000,0.000,0.000,0.000,0.000,0.021,0.000,0.000,0.000,0.000,0.000,0.000,0.000,0.000,0.000,0.000
DFM10H_u4,ONDJFM,0.000,0.000,0.000,0.000,0.000,0.000,0.000,0.000,0.000,0.000,0.000,0.000,0.000,0.000,0.000,0.000,0.000,0.000,0.000,0.000,0.000,0.000,0.000,0.000,0.000,0.000,0.000,0.000,0.000,0.000
DFM10H_u4,NDJF,0.000,0.000,0.000,0.000,0.000,0.000,0.000,0.000,0.000,0.000,0.000,0.000,0.000,0.000,0.000,0.000,0.000,0.000,0.000,0.000,0.000,0.000,0.000,0.000,0.000,0.000,0.000,0.000,0.000,0.000
DFM10H_u2,year,0.000,0.000,0.000,0.000,0.000,0.000,0.000,0.000,0.000,0.000,0.000,0.000,0.000,0.000,0.000,0.000,0.000,0.000,0.000,0.000,0.000,0.000,0.000,0.000,0.000,0.000,0.000,0.000,0.000,0.000
DFM10H_u2,MAMJJASO,0.000,0.000,0.000,0.000,0.000,0.000,0.000,0.000,0.000,0.000,0.000,0.000,0.000,0.000,0.000,0.000,0.000,0.000,0.000,0.000,0.000,0.000,0.000,0.000,0.000,0.000,0.000,0.000,0.000,0.000
DFM10H_u2,AMJJAS,0.000,0.000,0.000,0.000,0.000,0.000,0.000,0.000,0.000,0.000,0.000,0.000,0.000,0.000,0.000,0.000,0.000,0.000,0.000,0.000,0.000,0.000,0.000,0.000,0.000,0.000,0.000,0.000,0.000,0.000
DFM10H_u2,ONDJFM,0.000,0.000,0.000,0.000,0.000,0.000,0.000,0.000,0.000,0.000,0.000,0.000,0.000,0.000,0.000,0.000,0.000,0.000,0.000,0.000,0.000,0.000,0.000,0.000,0.000,0.000,0.000,0.000,0.000,0.000
DFM10H_u2,NDJF,0.000,0.000,0.000,0.000,0.000,0.000,0.000,0.000,0.000,0.000,0.000,0.000,0.000,0.000,0.000,0.000,0.000,0.000,0.000,0.000,0.000,0.000,0.000,0.000,0.000,0.000,0.000,0.000,0.000,0.000
AWP0-40_S2+,year,65.417,125.692,201.789,97.535,126.892,194.488,158.150,99.725,157.622,208.566,101.042,184.834,153.303,150.223,88.561,82.932,69.400,94.492,92.158,222.167,159.103,158.891,176.307,102.452,92.213,139.136,157.294,127.721,138.159,54.813
AWP0-40_S2+,MAMJJASO,59.046,69.542,122.167,53.592,88.575,123.022,118.452,61.035,78.637,151.706,58.027,130.398,84.977,111.285,71.698,66.098,45.122,64.392,65.479,154.246,78.622,108.421,135.977,76.381,48.011,64.004,112.623,76.443,111.198,38.701
AWP0-40_S2+,AMJJAS,51.848,47.473,75.985,36.935,56.377,88.701,85.227,47.280,53.696,103.019,33.757,96.657,59.267,82.565,46.273,57.724,19.180,42.087,40.987,121.350,55.728,80.248,115.439,65.701,32.435,42.524,88.302,59.921,98.494,28.920
AWP0-40_S2+,ONDJFM,9.106,17.815,113.141,101.071,48.566,82.493,125.944,42.064,103.283,111.097,81.297,81.888,89.529,76.576,46.400,31.362,54.064,51.905,35.552,41.852,148.445,104.625,47.542,50.569,36.010,62.981,124.365,60.713,40.134,33.333
AWP0-40_S2+,NDJF,4.680,12.287,71.510,72.276,34.217,45.358,83.623,23.164,72.360,76.355,43.258,49.073,69.425,37.923,29.320,13.689,27.203,28.157,21.694,24.431,107.941,68.322,32.065,36.387,28.756,49.989,87.555,39.087,36.825,16.718
AWP0-40_S3+,year,37.266,87.262,154.744,59.260,91.027,152.980,115.023,60.113,111.621,161.326,61.915,136.597,108.782,104.155,48.087,45.338,42.297,64.315,51.625,182.555,113.776,125.307,135.287,63.962,59.283,99.810,122.854,85.985,98.880,27.557
AWP0-40_S3+,MAMJJASO,34.753,42.943,88.255,27.709,62.697,89.303,83.044,35.453,50.887,116.234,33.230,97.010,52.517,81.326,40.326,38.252,29.223,45.138,36.778,121.760,48.508,86.863,108.485,47.846,27.050,39.133,85.850,52.112,83.845,19.541
AWP0-40_S3+,AMJJAS,31.495,27.960,50.781,16.921,35.608,61.531,60.104,27.613,35.632,76.195,16.126,70.465,34.506,57.929,26.143,34.913,9.751,25.874,23.494,95.470,34.009,60.395,93.634,41.430,17.618,23.299,68.660,40.201,73.701,14.171
AWP0-40_S3+,ONDJFM,4.339,7.373,89.880,85.645,30.223,65.237,111.603,24.972,78.063,87.348,57.335,60.638,70.904,53.274,24.640,15.615,34.530,36.673,20.208,20.803,136.246,80.875,31.575,33.016,21.294,46.539,102.156,43.393,21.853,20.102
AWP0-40_S3+,NDJF,1.953,5.445,57.033,63.816,21.791,34.821,76.220,13.348,57.730,59.243,29.401,34.444,57.226,23.553,15.330,6.148,14.858,17.182,12.347,12.114,102.248,50.942,20.410,23.728,17.677,37.681,74.556,28.395,20.352,8.209
AWP0-40_S4+,year,19.122,52.604,105.149,32.901,58.518,110.433,76.759,31.927,67.929,114.882,32.702,89.726,69.179,62.409,20.701,21.335,20.212,39.562,21.675,141.912,76.236,90.719,97.900,35.533,32.453,63.463,86.372,48.108,62.674,12.081
AWP0-40_S4+,MAMJJASO,18.285,23.274,55.649,12.662,39.765,59.388,52.823,19.587,28.503,81.764,16.642,64.620,28.451,51.362,18.504,19.782,14.880,29.282,15.992,90.397,27.566,63.863,81.918,26.263,13.280,21.411,57.456,31.355,56.626,9.037
AWP0-40_S4+,AMJJAS,17.158,14.789,29.033,7.066,19.320,38.962,40.564,15.695,20.555,52.077,6.750,47.053,16.665,36.759,12.916,18.978,3.912,15.605,10.259,70.830,18.457,39.730,72.386,23.084,7.604,10.904,47.389,25.210,48.992,6.631
AWP0-40_S4+,ONDJFM,1.587,2.547,59.638,64.814,15.250,47.186,88.693,10.416,50.563,62.040,34.456,38.317,51.207,29.298,10.121,4.907,17.058,22.434,9.190,6.112,118.141,57.183,18.934,19.337,11.106,30.085,74.593,23.512,6.759,11.516
AWP0-40_S4+,NDJF,0.648,2.127,37.790,50.040,11.197,25.098,63.003,5.103,39.311,40.472,17.162,21.126,42.033,11.435,6.397,1.423,6.059,8.744,5.731,2.956,91.331,32.067,11.704,14.124,9.515,24.131,56.783,16.219,5.893,3.509
AWD0-40_sum,year,-752.430,-1361.752,-2094.544,-959.180,-1425.388,-2229.528,-1721.092,-1082.025,-1293.233,-2183.634,-757.659,-1797.029,-1502.778,-1492.903,-847.237,-867.371,-480.011,-685.712,-898.606,-2804.386,-1469.222,-1433.602,-1806.777,-1071.332,-752.381,-1394.556,-1493.746,-1160.074,-1458.366,-527.430
AWD0-40_sum,MAMJJASO,-721.537,-863.781,-1395.852,-652.719,-1087.937,-1516.573,-1405.273,-807.162,-827.659,-1793.602,-574.178,-1458.974,-1062.033,-1254.414,-765.743,-752.389,-365.703,-570.711,-718.785,-1994.361,-849.273,-1190.018,-1603.361,-917.839,-445.604,-805.866,-1225.243,-856.045,-1356.572,-421.276
AWD0-40_sum,AMJJAS,-645.988,-600.819,-917.125,-485.266,-664.574,-1104.915,-1088.238,-637.386,-594.058,-1284.010,-357.330,-1164.361,-787.101,-1027.296,-532.562,-656.027,-176.223,-459.444,-465.028,-1561.098,-601.253,-930.213,-1458.290,-818.103,-260.249,-546.073,-1027.519,-707.819,-1201.914,-337.862
AWD0-40_sum,ONDJFM,-43.611,-137.544,-985.111,-987.701,-421.714,-830.399,-1296.972,-374.251,-759.993,-845.715,-615.890,-554.991,-631.738,-608.205,-330.187,-245.117,-364.000,-334.655,-133.126,-376.635,-1679.852,-801.131,-223.984,-304.533,-233.197,-491.196,-1137.458,-299.160,-286.204,-237.663
AWD0-40_sum,NDJF,-16.645,-60.940,-575.466,-661.318,-251.059,-386.111,-842.909,-144.061,-459.812,-493.806,-243.983,-259.359,-439.455,-239.670,-198.437,-60.760,-151.511,-138.664,-84.350,-165.949,-1185.925,-397.463,-132.176,-202.488,-148.709,-340.508,-759.619,-113.048,-235.118,-62.358
AWR0-10_u30,year,36.086,49.079,69.530,33.112,61.164,78.095,54.670,35.181,42.600,74.092,26.773,67.409,47.103,64.498,37.282,40.298,28.270,37.390,38.066,110.306,43.903,63.498,76.673,41.537,40.272,46.337,61.059,51.601,78.810,32.148
AWR0-10_u30,MAMJJASO,35.837,43.110,55.160,28.451,57.313,70.274,53.351,33.867,35.209,72.109,26.040,64.502,39.567,62.209,36.668,38.957,27.453,34.796,37.465,92.099,40.475,57.794,76.058,39.991,33.801,39.538,58.896,46.612,78.614,29.619
AWR0-10_u30,AMJJAS,34.086,38.889,40.102,23.558,37.933,54.634,51.816,30.940,30.611,55.840,22.308,55.600,30.850,53.439,25.060,34.424,18.945,29.844,30.497,67.051,33.283,44.173,70.049,37.240,26.313,33.866,53.113,40.655,72.899,27.354
AWR0-10_u30,ONDJFM,0.998,1.534,19.286,20.530,9.389,24.409,22.649,2.139,12.199,19.266,5.965,10.830,8.116,19.218,4.291,11.165,12.763,8.330,4.485,5.749,43.559,26.818,5.774,4.242,4.335,11.825,17.417,9.346,4.839,6.890
AWR0-10_u30,NDJF,0.030,0.300,6.690,13.579,4.683,3.818,8.296,0.935,5.673,4.377,0.995,1.711,6.316,3.832,1.399,0.374,1.483,2.856,0.517,0.593,19.667,7.235,0.466,0.859,1.332,6.506,8.769,2.028,3.001,0.157
AWR0-40_u30,year,26.719,48.572,84.097,42.169,74.418,97.276,71.314,40.303,32.416,94.385,20.084,74.142,46.892,65.823,30.561,34.816,12.995,28.197,24.889,146.945,38.541,58.462,92.268,40.466,18.627,48.901,61.039,47.719,80.266,23.479
AWR0-40_u30,MAMJJASO,26.469,39.123,65.629,36.179,64.705,80.067,67.283,37.655,30.860,90.873,19.476,71.487,41.806,64.504,30.463,34.269,12.974,28.197,24.735,111.648,30.908,57.561,91.821,39.464,14.963,36.807,57.687,46.770,80.102,22.710
AWR0-40_u30,AMJJAS,25.599,30.818,48.733,30.298,38.579,59.847,61.591,36.136,28.569,73.899,17.017,66.297,37.196,61.022,28.521,34.081,11.697,27.648,20.331,88.221,28.522,50.167,89.608,38.715,12.124,26.839,55.012,45.065,72.022,21.268
AWR0-40_u30,ONDJFM,0.000,1.124,21.012,32.163,11.809,35.840,39.831,7.322,6.123,10.083,12.409,4.972,9.406,8.151,2.957,1.852,0.941,1.640,0.137,4.637,65.509,10.999,0.747,2.670,1.664,6.516,26.466,2.958,1.179,8.028
AWR0-40_u30,NDJF,0.000,0.250,9.729,18.242,5.934,9.713,19.564,1.676,2.832,3.202,1.682,0.732,5.602,2.152,1.183,0.098,0.547,0.021,0.000,0.153,41.356,2.456,0.062,0.674,0.952,3.613,15.258,0.248,0.823,0.062
